"plotcode" "block" "mixcode" "year" "season" "sowndiv" "Weed.bm" "Weed.cover" "Total.bm" "total.bm.year" "Alo.pra" "Ant.syl" "Arr.ela" "Dac.glo" "Ger.pra" "Phl.pra" "Poa.tri" "Tri.pra" "Tri.rep" "Alo.pra.bm" "Ant.syl.bm" "Arr.ela.bm" "Dac.glo.bm" "Ger.pra.bm" "Phl.pra.bm" "Poa.tri.bm" "Tri.pra.bm" "Tri.rep.bm" "Alo.pra.cover" "Ant.syl.cover" "Arr.ela.cover" "Dac.glo.cover" "Ger.pra.cover" "Phl.pra.cover" "Poa.tri.cover" "Tri.pra.cover" "Tri.rep.cover" "r_asym" "alpha" "a_intra" "a_inter" "n_dif_m" "f_dif_m" "nf_dif_m" "str_n_dif" "str_f_dif" "str_nf_dif" "com_mean" "com_sd" "com_stab" "sp_mean" "sp_sd" "sp_stab" "stab" "syn_l" "syn_g"
"B1B003" 1 "S06M06" 2015 1.5 6 0 6 132.745 23738.8305 1 1 1 0 0 1 1 0 1 0 0 124.55 0 0 0 8.195 0 0 6 0 55 0 0 0 5.5 0 0 0.697516795 0.0142118058585113 0.00863299060635301 0.0153275689089429 0.660544637438216 8.49865788319508 -7.83811324575686 -5.16690706796602 26.1810310494936 -31.3479381174596 247.423305323077 99.0076055499126 2.49903332121636 39.3384996053205 32.0050019345234 0.968774444854781 2.56292376292937 0.295417070691783 0.196878153531399
"B1B004" 1 "S03M12" 2015 1.5 3 0 7.5 127.57 23738.8305 1 0 0 1 0 0 0 1 0 15.62 0 0 111.95 0 0 0 0 0 6 0 0 55 0 0 0 5 0 0.175839390666667 0.00425327213662504 0.00529967344208636 0.00373007148389438 0.836207259212007 2.46048237635344 -1.62427511714144 -2.35063340278008 22.7543622523081 -25.1049956550881 211.508081569231 90.6088198761071 2.33429904349746 70.5026938566667 61.4848072425461 1.08490360665828 2.33429904351328 0.310633483448806 -0.11326077004228
"B1B006" 1 "S03M01" 2015 1.5 3 0 3.5 137.54 23738.8305 0 1 1 1 0 0 0 0 0 0 5.8 79.055 52.685 0 0 0 0 0 0 5 40 20 0 0 0 0 0 0.955430378 0.0114592975441872 0.0090199778150494 0.0126789574087561 0.858402609195627 6.91550422608492 -6.0571016168893 -1.6189200498867 11.7007216452931 -13.3196416951798 283.389955792308 117.979352997037 2.40203008910741 94.4633185947436 54.8345729933579 1.40422614159298 2.40203008896031 0.595254331153868 0.244258259319182
"B1B007" 1 "S02M52" 2015 1.5 2 0 20 0.58 23738.8305 0 0 0 0 0 0 0 1 1 0 0 0 0 0 0 0 0 0.58 0 0 0 0 0 0 0 1 5 0.138586364 0.0356667441209614 0.00988192149840889 0.061451566743514 0.636366968661225 1.80395696613398 -1.16758999747276 -0.100364454467093 1.51231756397131 -1.6126820184384 108.427653846154 104.798420333869 1.0346306127585 54.2138269230769 60.2097669764474 1.04095272991752 1.0346306127585 0.769290455276859 0.356834735052758
"B1B008" 1 "S03M24" 2015 1.5 3 0 20 88.75 23738.8305 0 0 0 0 0 0 1 1 1 0 0 0 0 0 0 20.5 68.25 0 0 0 0 0 0 0 15.5 10 0 0.660677897333333 0.0245705390633204 0.010977911207881 0.0313668529910401 0.852190965266639 6.75486722284015 -5.90267625757351 -0.967416825359644 29.8819022398401 -30.8493190651998 153.732019230769 120.219621040708 1.27875980559541 51.2440064102564 57.6945827355693 0.833702652415896 1.27875980559541 0.509936519367458 0.331061126016173
"B1B009" 1 "S02M24" 2015 1.5 2 0 5 64.775 23738.8305 0 1 0 0 1 0 0 0 0 0 3.925 0 0 60.85 0 0 0 0 0 10 0 0 20 0 0 0 0 0.204757742 0.0139515463617031 0.0143132598729634 0.0135898328504428 0.584041209004035 1.97812546052905 -1.39408425152501 -1.50666105174019 8.54979453906379 -10.056455590804 96.2752421884615 75.6177037354443 1.2731838899167 48.1376210940769 52.0990841583834 0.964773368600628 1.27318388990727 0.550491397499733 0.095289471435177
"B1B010" 1 "S06M03" 2015 1.5 6 0 1.5 216.115 23738.8305 1 0 1 1 0 1 1 1 0 8.1 0 148.35 55.11 0 0 4.555 0 0 6 0 40 25 0 0 5.5 1 0 0.4328490272 0.00730162475835897 0.00553923125666164 0.00765410345869844 0.835161367109571 6.90763835404217 -6.0724769869326 -5.33419058208138 27.3004692016363 -32.6346597837176 328.1059398 90.3320562574159 3.63222042532729 54.6843232998718 33.0909437356033 1.30879417446116 3.63222042529675 0.330545617591632 0.278840863041955
"B1B011" 1 "S06M07" 2015 1.5 6 0 7.5 95.99 23738.8305 0 1 0 1 1 1 1 0 1 0 0 0 61.275 32.6 0 2.115 0 0 0 0 0 35 30 0 5.5 0 0 0.807359269 0.0149057345263187 0.0096419084053931 0.0159584997505039 0.561235211655276 4.37804331356768 -3.8168081019124 -5.10115230168194 29.2287245835181 -34.3298768852001 197.323049090769 109.390212126871 1.80384556583467 32.887174847 29.406689507308 0.855430335246448 1.80384556581065 0.431238036539047 0.358964556232199
"B1B012" 1 "S02M37" 2015 1.5 2 0 20 45.505 23738.8305 0 0 0 0 0 1 1 0 0 0 0 0 0 0 0 45.505 0 0 0 0 0 0 0 0 30 0 0 0.633634115 0.0143768079231841 0.00750265557083004 0.0212509602755382 -0.0489045079450925 1.52747872457792 -1.57638323252301 -0.601351022509556 15.8999316997024 -16.5012827222119 91.5036538461539 95.7365976088787 0.955785521227545 45.7518269230769 57.168660561115 0.833346744126682 0.955785521227545 0.715162935360101 -0.173708347705975
"B1B016" 1 "S02M39" 2015 1.5 2 0 12.5 36.2 23738.8305 0 1 0 0 0 0 0 1 0 0 0 0 0 0 0 0 36.2 0 0 0 0 0 0 0 0 20 0 1.696904653 0.0189055292564547 0.0151365504125718 0.0226745081003375 -0.175660217025988 1.34843964016259 -1.52409985718858 -1.30111856533897 29.2393777798851 -30.5404963452241 154.979830695 154.250293435628 1.00472956804894 77.4899153475 119.23292784401 0.676614258960634 1.00472956804894 0.436419167716729 -0.188213780978563
"B1B017" 1 "S04M20" 2015 1.5 4 0 13 145.6 23738.8305 0 1 1 0 0 1 1 0 0 0 0 145.6 0 0 0 0 0 0 0 0 60 0 0 0 5.5 0 0 0.719219197 0.0138230076628029 0.00958870381122238 0.0152344422799964 0.50911988650835 6.24570885469048 -5.73658896818213 -2.29809882677436 18.9024031844731 -21.2005020112475 256.327457492308 122.078637094633 2.09969134315948 64.0818643726154 45.6739982402953 1.04042788226614 2.09969134316897 0.508532715622544 0.266854925422567
"B1B019" 1 "S03M10" 2015 1.5 3 0 16 95.97 23738.8305 0 0 0 1 0 1 1 0 0 0 0 0 92.35 0 0 3.62 0 0 0 0 0 50 0 0 10.5 0 0 0.484838506666667 0.00986524073819188 0.00623858016119294 0.0116785710266913 0.591896801570424 6.09220957750834 -5.50031277593792 -2.31456520242208 20.9614391132023 -23.2760043156243 157.733384615385 94.854764494233 1.66289364014998 52.5777948717949 35.9150252384934 1.11677169065192 1.66289364014998 0.796982526036262 0.506414564917135
"B1B021" 1 "S04M33" 2015 1.5 4 0 17.5 96.9 23738.8305 1 0 0 0 0 1 0 1 1 52.9 0 0 0 0 0 0 44 0 10 0 0 0 0 0 0 10 5.5 0.191081124666667 0.0174350918103619 0.00613330042550707 0.0212023556053135 0.82135519279931 6.81528758234837 -5.99393238954906 -2.38432313172138 22.5751076552221 -24.9594307869435 186.4184205 89.7023142467471 2.0781896438838 46.6046051251154 39.6166995899489 0.924022714375225 2.07818964393182 0.379786705808819 0.100289918019478
"B1B023" 1 "S02M48" 2015 1.5 2 0 5 99.25 23738.8305 0 0 0 1 0 0 0 0 1 0 0 0 99.25 0 0 0 0 0 0 0 0 70 0 0 0 0 0 0.125172722 0.00814989789346796 0.00710980977238588 0.00918998601455004 0.945161969856677 16.4514090429969 -15.5062470731402 -1.06496370761598 26.2901756313809 -27.3551393389969 174.11626951 95.3475065499278 1.8261229455311 87.0581347557692 48.9074350952941 1.19668548564401 1.82612294555881 0.953136547796213 0.623223481354383
"B1B024" 1 "S03M18" 2015 1.5 3 0 11.5 122.425 23738.8305 1 0 0 1 0 0 0 0 1 58.655 0 0 63.77 0 0 0 0 0 20 0 0 30 0 0 0 0 0 0.0834484813333333 0.00626740072336804 0.00571785257838244 0.00654217479586085 0.931167068794873 10.5598304053117 -9.62866333651681 -2.34577657198061 32.9417174766549 -35.2874940486355 181.691923076923 98.4547541711941 1.845435749715 60.5639743589744 41.3591547342689 1.4625774911571 1.845435749715 0.676507376961842 0.198717581726414
"B1B026" 1 "S02M43" 2015 1.5 2 0 27.5 13.95 23738.8305 0 0 0 0 0 1 0 1 0 0 0 0 0 0 0 0 13.95 0 0 0 0 0 0 0 0 10 0 0.357382731 0.0119166798151009 0.00554503665439987 0.018288322975802 0.546475185791903 2.60052454254209 -2.05404935675019 -0.282980170776164 5.89842452060215 -6.18140469137831 146.442758546154 139.117893879896 1.05265221073992 73.2213792730769 87.4643971886963 0.839945701914058 1.05265221073992 0.651376553345277 0.24733850868832
"B1B028" 1 "S02M26" 2015 1.5 2 0 4.5 72.72 23738.8305 0 0 0 1 1 0 0 0 0 0 0 0 37.41 35.31 0 0 0 0 0 0 0 30 40 0 0 0 0 1.228387825 0.00474004088195608 0.00565925052833337 0.00382083123557879 0.874121906072785 1.61865610324393 -0.744534197171145 -0.53787674080043 5.23652249005389 -5.77439923085432 151.064692307692 111.891130041948 1.350104268775 75.5323461538462 76.2158546312505 1.05547897093438 1.350104268775 0.571148670050552 -0.401726773117567
"B1B031" 1 "S09M01" 2015 1.5 9 0 5.5 186.53 23738.8305 1 1 1 1 1 1 1 1 1 0 0 140.25 20.985 22.65 0 2.645 0 0 5.5 0 40 15 20 0 5.5 0 0 0.713055136166667 0.012247949129565 0.00804123305430551 0.0127737886389725 0.725363932950081 6.14198450534007 -5.41662057238999 -17.1531036076924 29.8053910482126 -46.9584946559051 316.378361338462 103.029160481873 3.07076520723592 35.1531512589145 30.235279207269 0.898545199110857 3.07076520699598 0.222184778771042 0.00481196733731336
"B1B034" 1 "S04M22" 2015 1.5 4 0 3.5 235.2545 23738.8305 1 1 0 1 0 0 0 1 0 9.505 0.1995 0 207.55 0 0 0 18 0 15 0.5 0 30 0 0 0 10 0 0.856924687666667 0.0107079626292229 0.00922936708935947 0.0112008278091774 0.657891721129779 3.56596142256145 -2.90806970143167 -2.3174807048435 20.5092518149083 -22.8267325197518 212.27535566 108.093386392999 1.96381446398785 53.0688389120192 50.1023341764049 1.01496997720863 1.96381446386308 0.346336928164228 0.0200942931436279
"B1B035" 1 "S04M24" 2015 1.5 4 0 7.5 256.495 23738.8305 0 0 1 1 0 0 1 1 0 0 0 213.45 8.265 0 0 7.8 26.98 0 0 0 45 15 0 0 5.5 10 0 0.567259813666667 0.00699444526491208 0.00711650720868982 0.0069537579503195 0.912468445942987 6.58477605750613 -5.67230761156314 -2.61422089273311 29.1896099750148 -31.8038308677479 302.170624553846 90.1626321099091 3.35139533399488 75.5426561391923 44.7929407609715 1.47322634970221 3.35139533400751 0.360486188649933 0.131373559542522
"B1B039" 1 "S02M40" 2015 1.5 2 0 6 141.81 23738.8305 0 0 1 0 0 0 0 1 0 0 0 88.6 0 0 0 0 53.21 0 0 0 35 0 0 0 0 40 0 0.69426743 0.00402968665029594 0.00579285443300771 0.00226651886758417 0.96811280455671 6.37743908865807 -5.40932628410136 -0.509332912530754 22.9248701033543 -23.434203015885 269.914038461538 92.4796027822851 2.91863319414302 134.957019230769 53.4264725559916 2.20669285993845 2.91863319414302 0.824083178982685 0.464976231785848
"B1B041" 1 "S03M15" 2015 1.5 3 0 7.5 115.44 23738.8305 0 0 1 0 0 1 0 1 0 0 0 106.25 0 0 0 0 9.19 0 0 0 45 0 0 0 0 15 0 0.462844953333333 0.00671942031045349 0.0044737097936168 0.00784227556887184 0.826206154040145 6.58960736655106 -5.76340121251092 -1.27548693845792 20.3962079999118 -21.6716949383697 268.539051861538 136.062022432828 1.97365177336029 89.513017285641 52.8484920445416 1.34032817814642 1.97365177331904 0.751247949614881 0.639670307961663
"B1B043" 1 "S06M09" 2015 1.5 6 0 12.5 161.985 23738.8305 0 1 1 1 0 1 0 1 1 0 0 118.7 15.89 0 0 0 25.715 1.68 0 1.5 45 11 0 0 0 11 0.5 0.683012673866667 0.0169323155231402 0.00810986615946683 0.0186968053958748 0.617388708733583 7.01235888001846 -6.39497017128488 -4.34735868014539 26.2875067227721 -30.6348654029175 311.651331676923 117.527504243653 2.65173104527789 51.9418886117051 44.0600848964768 0.961264371622661 2.65173104511081 0.270649403982576 0.121144024054043
"B1B049" 1 "S02M20" 2015 1.5 2 0 25 60.945 23738.8305 1 0 0 1 0 0 0 0 0 60.65 0 0 0.295 0 0 0 0 0 15 0 0 25 0 0 0 0 0 0.050834167 0.00291975132643341 0.00332218376614716 0.00251731888671965 0.895603273419996 1.04887110532231 -0.153267831902315 -0.681898521739033 7.29289649725908 -7.97479501899811 207.211538461538 105.154576623825 1.97054227323654 103.605769230769 61.8711066705767 2.55717073989876 1.97054227323654 0.756384362900071 -0.044941668531869
"B1B050" 1 "S06M05" 2015 1.5 6 0 12.5 178.455 23738.8305 1 0 1 1 1 1 0 0 1 4.795 0 87.3 4.92 79.045 2.355 0 0 0.04 10 0 30 11 25 1 0 0 5 0.553696927533333 0.00641491770519179 0.00482135100613016 0.00673363104500412 0.90726914637576 8.1555877706469 -7.24831862427114 -7.01470307636966 32.6922459866081 -39.7069490629777 235.821544176923 110.784698409415 2.12864725510578 39.303590696359 35.5509688342612 0.954515065957319 2.12864725514171 0.33104606379955 0.144502607997659
"B1B052" 1 "S02M45" 2015 1.5 2 0 20 103.635 23738.8305 1 0 0 0 0 0 0 0 1 103.6 0 0 0 0 0 0 0 0.035 20 0 0 0 0 0 0 0 5.5 0.074338555 0.00732039184146356 0.00672156419661428 0.00791921948631284 0.952735963107947 14.1792110676159 -13.2264751045079 -1.06010476996051 26.8655687377159 -27.9256735076764 192.900426069231 91.6593255445437 2.10453682615728 96.4502130329231 48.983905301602 1.46918635268652 2.10453682609681 0.891940313527657 0.538622883584146
"B1B054" 1 "S04M23" 2015 1.5 4 0 15 195.315 23738.8305 0 1 1 0 1 0 0 1 0 0 0 114.195 0 46.62 0 0 34.5 0 0 0 20 0 20 0 0 15 0 0.98143224 0.0102080949148381 0.0100530571529856 0.010259774168789 0.686899671469068 5.27116511457962 -4.58426544311055 -1.80718090110815 22.2458067361538 -24.052987637262 292.111829223077 127.143443049579 2.29749818171251 73.0279573027885 52.2143603473606 1.08856189474414 2.29749818151986 0.449393460747673 -0.0786335111276849
"B1B060" 1 "S02M38" 2015 1.5 2 0 20 46.175 23738.8305 1 0 0 0 0 0 0 1 0 42.94 0 0 0 0 0 0 3.235 0 20 0 0 0 0 0 0 6 0 0.212924919 0.0054678415907035 0.00609429549217016 0.00484138768923683 0.852731872169279 4.25438303744973 -3.40165116528045 -1.39627815924661 17.7081104039214 -19.104388563168 212.651653846154 141.077641876938 1.50733773982166 106.325826923077 86.5602124209199 1.24008426807365 1.50733773982166 0.696232668675212 0.392162345467087
"B1B061" 1 "S02M44" 2015 1.5 2 0 25 124.695 23738.8305 0 0 0 0 0 0 1 1 0 0 0 0 0 0 0 124.695 0 0 0 0 0 0 0 0 31 10 0 0.991016846 0.0172923107357755 0.0112122717103949 0.023372349761156 0.945224228439939 10.9551543120122 -10.0099300835723 -0.878403436965176 35.007520069131 -35.8859235060962 135.198684503846 139.104445221268 0.971922099892573 67.5993422519231 77.5301635010545 0.920534273522387 0.971922099892573 0.81479531807587 0.573856668242399
"B1B064" 1 "S03M02" 2015 1.5 3 0 7.5 131.945 23738.8305 1 0 1 0 1 0 0 0 0 7.32 0 119.4 0 5.225 0 0 0 0 6 0 45 0 25 0 0 0 0 0.852814661333333 0.00358141438754656 0.0042910219923914 0.00322661058512415 0.935021730841436 5.76034420962793 -4.82532247878649 -1.52395906907572 18.3136659404105 -19.8376250094862 208.024714307692 97.2515315950224 2.13903792460519 69.3415714344103 46.1689260925145 1.18647766341974 2.13903792447939 0.563384621292476 0.014478046206258
"B1B065" 1 "S02M25" 2015 1.5 2 0 9 166.995 23738.8305 0 0 1 0 1 0 0 0 0 0 0 68.945 0 98.05 0 0 0 0 0 0 35 0 30 0 0 0 0 0.797879481 0.00384502578669 0.00496956389339932 0.00272048767998067 0.959175661014301 8.16486779713974 -7.20569213612544 -0.495481327141681 3.82790767584778 -4.32338900298946 232.954627515385 135.598299763756 1.7179760212425 116.477313756577 84.9352276443201 1.06698063763981 1.71797602121109 0.67912889779653 -0.304315014579049
"B1B066" 1 "S03M14" 2015 1.5 3 0 3.5 229.265 23738.8305 0 0 0 1 1 0 0 1 0 0 0 0 171.4 32.715 0 0 25.15 0 0 0 0 30 40 0 0 10.5 0 0.994764607333333 0.00462583021653215 0.00685771795021051 0.00350988634969298 0.820367010044251 1.72193052205279 -0.901563512008537 -1.24034725705247 18.7169893603843 -19.9573366174367 245.627565423077 116.233373042381 2.11322754380978 81.8758551409231 83.6027360740853 0.894717627264465 2.11322754380651 0.268381376630726 -0.33073345106533
"B1B069" 1 "S09M01" 2015 1.5 9 0 7.5 311.21 23738.8305 1 1 1 1 1 1 1 1 1 0.6 0 141.27 10.435 121.1 0 33.75 4.055 0 10 0 25 15 35 0 10.5 5 0 0.713055136166667 0.012247949129565 0.00804123305430551 0.0127737886389725 0.725363932950081 6.14198450534007 -5.41662057238999 -27.4301047869585 29.8053910482126 -57.2354958351711 374.047778092308 118.98356474804 3.143692819125 41.5608642317265 40.44168510158 0.778778671753112 3.14369281924235 0.171928321211924 0.0261238051637361
"B1B070" 1 "S04M25" 2015 1.5 4 0 17.5 134.795 23738.8305 1 0 0 0 1 0 1 1 0 13.695 0 0 0 73.2 0 43.9 4 0 10 0 0 0 55 0 10.5 10 0 0.875755443333333 0.00832642023533256 0.00824163833147835 0.00835468086995063 0.891844555604427 5.74090687717915 -4.84906232157472 -2.4003731678432 24.6034647266436 -27.0038378944868 231.656262307692 84.3553410760153 2.7461955503083 57.9140655759615 64.7978281212121 0.882944433119676 2.7461955500369 0.157203905750213 -0.290936061095593
"B1B071" 1 "S02M22" 2015 1.5 2 0 6 208.845 23738.8305 0 0 1 1 0 0 0 0 0 0 0 196.85 11.995 0 0 0 0 0 0 0 50 25 0 0 0 0 0 0.430508344 0.00245887499691743 0.00302074270698471 0.00189700728685016 0.963263493375804 7.34730132483931 -6.3840378314635 -0.554983385862516 18.4047714388016 -18.9597548246641 281.382025646154 108.625845753864 2.59037822622563 140.691012820769 78.5879109680094 1.63074441513726 2.59037822639284 0.571470453362416 0.0443265075356479
"B1B072" 1 "S02M17" 2015 1.5 2 0 20 128.65 23738.8305 1 1 0 0 0 0 0 0 0 128.65 0 0 0 0 0 0 0 0 30 5 0 0 0 0 0 0 0 1.483979734 0.0133032750255091 0.0119761931107772 0.0146303569402409 0.961480511209692 11.5558466370924 -10.5943661258827 -0.557527867901299 11.8036536649427 -12.361181532844 184.63043237 101.592277687179 1.81736679768625 92.3152161853846 77.5232476035593 1.02242168964773 1.81736679769237 0.480403804021771 -0.240694729555436
"B1B074" 1 "S04M19" 2015 1.5 4 0 7.5 79.6 23738.8305 1 0 1 0 1 1 0 0 0 0 0 35.1 0 44.5 0 0 0 0 6 0 35 0 25 0 0 0 0 0.695758445833333 0.0045556244089174 0.00367712162300229 0.0048484586708891 0.854914130081483 6.50580212902891 -5.65088799894743 -2.93360090120918 25.898384997922 -28.8319858991312 170.686650230769 71.7674709592324 2.37832889956131 42.6716625563462 28.9866207203422 1.10097396623062 2.37832889951651 0.465264189811309 0.077136808292325
"B1B078" 1 "S04M17" 2015 1.5 4 0 6 150.55 23738.8305 1 1 0 1 1 0 0 0 0 25.14 0.97 0 54.96 69.48 0 0 0 0 10 10 0 25 40 0 0 0 0 0.946721171166667 0.0094490906872984 0.00881772181955528 0.0096595469765461 0.807864341328293 3.29990448468787 -2.49204014335958 -3.29201703876822 17.9876117537534 -21.2796287925217 175.815193976923 80.8171481178472 2.17546892053838 43.9537984935577 35.8582209621905 1.08183719195667 2.17546892052436 0.387460543384818 -0.0556040802286597
"B1B079" 1 "S03M16" 2015 1.5 3 0 30 83.225 23738.8305 0 1 0 0 0 0 1 1 0 0 0 0 0 0 0 26.05 57.175 0 0 1 0 0 0 0 16 15 0 1.13126976866667 0.0198759646175595 0.0144809971506562 0.0225734483510112 0.323059036526286 4.52188831562055 -4.19882927909426 -0.737616419218876 19.3986681776095 -20.1362845968284 142.905978883077 125.012764050557 1.14313110319906 47.6353262935897 59.9797495645936 0.801421798527344 1.1431311031908 0.506384949423618 0.364023503872243
"B1B082" 1 "S03M03" 2015 1.5 3 0 20 128.12 23738.8305 1 1 0 0 0 1 0 0 0 113.545 3.225 0 0 0 11.35 0 0 0 20 15 0 0 0 10 0 0 0 0.989319822666667 0.0125114761979229 0.00859593557879644 0.0144692465074862 0.649139979092543 7.2206469582253 -6.57150697913275 -1.44721454754347 17.7712080897678 -19.2184226373113 156.016364361538 59.0245935541517 2.6432433493744 52.0054547850769 38.1180245949757 1.12916453406232 2.64324334920319 0.346582553581702 -0.123633410860511
"B1B083" 1 "S06M10" 2015 1.5 6 0 6.5 69.595 23738.8305 1 1 0 1 0 0 1 1 1 16.42 0 0 51.9 0 0 1.275 0 0 15 0 0 35 0 0 1 1.5 0 0.7395099252 0.0167104481566197 0.0100994248645193 0.0180326528150397 0.639197439459372 6.07182051436424 -5.43262307490487 -5.33441424185133 28.9703711906883 -34.3047854325396 227.428456130769 94.1955928855004 2.41442777909175 37.9047426865128 27.2861049268854 1.0322784735678 2.41442777892339 0.413230918376525 0.225135480575662
"B1B084" 1 "S04M34" 2015 1.5 4 0 22.5 78.88 23738.8305 0 1 0 0 0 1 0 1 1 0 0 0 0 0 0 0 78.88 0 0 0 0 0 0 0 0 30 6 0.884918387666667 0.0290480191165509 0.0106544278857079 0.0351792161934985 0.192065181079244 2.90548709140988 -2.71342191033064 -1.69703683148523 17.663293645005 -19.3603304764902 167.055920397692 101.619155527066 1.64394123855121 41.7639800988462 45.8673214991717 0.810938781773338 1.64394123863172 0.347994960060865 -0.0203301564518934
"B1B087" 1 "S02M49" 2015 1.5 2 0 7.5 61.05 23738.8305 0 0 0 0 1 0 0 0 1 0 0 0 0 47.3 0 0 0 13.75 0 0 0 0 55 0 0 0 20 1.353560547 0.00593566498997294 0.0090586309588005 0.00281269902114538 0.983183537188085 2.29823677937485 -1.31505324218677 -0.226460547365804 17.3461306138799 -17.5725911612457 138.876576923077 59.5345235479123 2.33270661536934 69.4382884615385 54.988729872876 1.21506289319466 2.33270661536934 0.368373660263906 -0.302807874334588
"B1B089" 1 "S03M22" 2015 1.5 3 0 7.5 131.3 23738.8305 0 0 1 0 0 0 1 0 1 0 0 126.95 0 0 0 4.35 0 0 0 0 60 0 0 0 5.5 0 0 0.568286988 0.00709600799003373 0.00867004563390958 0.0063089891680958 0.961316713996853 11.6049858009442 -10.6436690869473 -2.02628632075015 30.6143303941475 -32.6406167148977 256.962034707692 75.1097592683373 3.4211537516672 85.6540115673846 29.1507767946205 1.84149497657448 3.42115375159492 0.754216424071375 0.464957226230526
"B1B091" 1 "S02M36" 2015 1.5 2 0 17.5 74.75 23738.8305 0 0 0 0 1 0 1 0 0 0 0 0 0 67.25 0 7.5 0 0 0 0 0 0 45 0 10.5 0 0 0.501130065 0.00729723120195404 0.0103889811707865 0.00420548123312153 0.893206564581318 1.53345389965189 -0.640247335070573 -0.338677515749759 15.323904680935 -15.6625821966848 112.427331507692 58.3333694891939 1.92732448840486 56.2136657546154 42.5591034102597 1.2345697168051 1.92732448840926 0.527389374086672 -0.00321951038956609
"B1B092" 1 "S02M19" 2015 1.5 2 0 10 204.39 23738.8305 0 1 1 0 0 0 0 0 0 0 0.04 204.35 0 0 0 0 0 0 0 0 55 0 0 0 0 0 0 1.002637223 0.0145523648141151 0.0116747520516147 0.0174299775766155 0.959036079252126 12.2891762243621 -11.33014014511 -0.542705612448024 2.20254684902772 -2.74525246147574 234.349288461538 82.7934526686142 2.83052923761418 117.174644230769 56.994608948092 1.57017444762174 2.83052923761418 0.623330674621888 -0.126360439226652
"B1B095" 1 "S03M19" 2015 1.5 3 0 7.5 93.36 23738.8305 0 0 1 1 0 0 0 0 1 0 0 55.15 38.21 0 0 0 0 0 0 0 25 25 0 0 0 0 0.5 0.370454044 0.00570508800146505 0.00551689187227414 0.0057991860660605 0.950803473712382 13.534407665479 -12.5836041917666 -2.47800728981162 33.176962352638 -35.6549696424497 246.466233223077 125.078111450405 1.97049851780664 82.1554110738718 60.6060431590784 1.17575259300247 1.97049851784135 0.53531708146615 0.106104706118758
"B2B001" 2 "S02M35" 2015 1.5 2 0 32.5 51.055 23738.8305 0 0 0 1 0 0 1 0 0 0 0 0 46.91 0 0 4.145 0 0 0 0 0 30 0 0 6 0 0 0.72725776 0.00772778187795803 0.00844015998437193 0.00701540377154412 0.872940031851586 2.2456142493812 -1.37267421752962 -1.16689358730465 4.2936214069404 -5.46051499424506 159.514230769231 136.065034340907 1.17233815095781 79.7571153846154 73.6483619082355 0.94775618897118 1.17233815095781 0.864804211945782 0.318003403668448
"B2B002" 2 "S09M01" 2015 1.5 9 0 3.5 170.4 23738.8305 1 1 1 1 1 1 1 1 1 6.41 0 109.1 8.65 33.05 0 13.19 0 0 6 0 35 16 45 0.5 5.5 0 0 0.713055136166667 0.012247949129565 0.00804123305430551 0.0127737886389725 0.725363932950081 6.14198450534007 -5.41662057238999 -Inf 29.8053910482126 -Inf 295.240555030769 140.461761809286 2.10192832004796 32.8045061130171 29.5104195730003 0.882196303494007 2.10192831993576 0.339257072340865 0.343590730929901
"B2B005" 2 "S02M49" 2015 1.5 2 0 6 33.905 23738.8305 0 0 0 0 1 0 0 0 1 0 0 0 0 31.3 0 0 0 2.605 0 0 0 0 55 0 0 0 5 1.353560547 0.00593566498997294 0.0090586309588005 0.00281269902114538 0.983183537188085 2.29823677937485 -1.31505324218677 -0.226460547365804 17.3461306138799 -17.5725911612457 124.778837408462 84.6342148390499 1.47433089142205 62.3894187023462 64.7118255687071 0.87379329342765 1.47433089133625 0.461387884981661 -0.15047809929287
"B2B007" 2 "S02M45" 2015 1.5 2 0 11 141.7 23738.8305 1 0 0 0 0 0 0 0 1 141.7 0 0 0 0 0 0 0 0 35 0 0 0 0 0 0 0 0 0.074338555 0.00732039184146356 0.00672156419661428 0.00791921948631284 0.952735963107947 14.1792110676159 -13.2264751045079 -1.06010476996051 26.8655687377159 -27.9256735076764 163.52252327 92.9969873790999 1.75836366186148 81.7612616346538 49.2025164881854 1.21823913624358 1.75836366183454 0.905595525518905 0.468569163241128
"B2B010" 2 "S02M31" 2015 1.5 2 0 30 24.35 23738.8305 0 0 0 0 1 1 0 0 0 0 0 0 0 24.35 0 0 0 0 0 0 0 0 20 0 0 0 0 1.13476418 0.0085618912866532 0.00472174611479148 0.0124020364585149 0.390410382544029 1.95654177145848 -1.56613138891445 -1.01296098048202 22.969690010766 -23.982650991248 130.609005538462 125.822058100976 1.03804537542729 65.3045027646154 81.5283530808544 1.15306611501658 1.13320137109436 0.608433911145964 -0.350846380284788
"B2B012" 2 "S03M14" 2015 1.5 3 0 6 221.89 23738.8305 0 0 0 1 1 0 0 1 0 0 0 0 185.6 0.15 0 0 36.14 0 0 0 0 55 15 0 0 20 0 0.994764607333333 0.00462583021653215 0.00685771795021051 0.00350988634969298 0.820367010044251 1.72193052205279 -0.901563512008537 -1.24246478008778 18.7169893603843 -19.959454140472 241.514817723077 162.968655416732 1.48197097844056 80.5049392389744 68.0557532387412 1.18843218185612 1.48197097838606 0.672145764194037 0.327866074555949
"B2B013" 2 "S02M51" 2015 1.5 2 0 20 39.45 23738.8305 0 0 0 0 0 0 1 0 1 0 0 0 0 0 0 37.35 0 2.1 0 0 0 0 0 0 15 0 50 0.852430482 0.0105580914416446 0.0118395404148391 0.00927664246845022 0.974981698698753 7.50549039037424 -6.53050869167549 -0.437713528607485 25.1056630859269 -25.5433766145344 141.379182523077 110.095575441771 1.28414953966839 70.6895912619231 66.6911018927004 0.9697121176761 1.28414953967523 0.702888285129247 0.339530495902864
"B2B015" 2 "S04M25" 2015 1.5 4 0 6 186.3 23738.8305 1 0 0 0 1 0 1 1 0 186.3 0 0 0 0 0 0 0 0 50 0 0 0 0 0 0.5 10 0 0.875755443333333 0.00832642023533256 0.00824163833147835 0.00835468086995063 0.891844555604427 5.74090687717915 -4.84906232157472 -2.43959958365747 24.6034647266436 -27.0430643103011 261.505307707692 123.788362147949 2.11251932871643 65.3763269259423 59.3782895589604 1.0186741551119 2.11251932858106 0.33325887770266 -0.0251671652952613
"B2B018" 2 "S02M46" 2015 1.5 2 0 15 0 23738.8305 0 1 0 0 0 0 0 0 1 0 0 0 0 0 0 0 0 0 0 0 0 0 0 0 0 0 0.5 1.558318289 0.0345037485177783 0.0157638191170159 0.0532436779185406 -0.840593976787638 1.53301709244495 -2.37361106923259 -0.243709794290775 5.18689178828969 -5.43060158258047 134.656159046154 169.084251132714 0.796384986443605 67.3280795231154 118.498241963248 0.537316616209235 0.918459895601265 0.520818796239543 -0.190574678719689
"B2B019" 2 "S02M29" 2015 1.5 2 0 15 120.5 23738.8305 0 0 1 0 0 1 0 0 0 0 0 120.5 0 0 0 0 0 0 0 0 50 0 0 1 0 0 0 0.336884699 0.00252761157833609 0.00208323829344281 0.00297198486322937 0.964030471771823 10.790858468453 -9.8268279966812 -0.905454007691003 11.8779048455106 -12.7833588532016 266.108846153846 128.5150979158 2.07064267521466 133.054423076923 76.4667819106689 1.45572696748002 2.07064267521466 0.746561391371041 0.349457780057218
"B2B023" 2 "S03M21" 2015 1.5 3 0 17.5 65.2 23738.8305 0 0 0 0 1 1 0 0 1 0 0 0 0 65.2 0 0 0 0 0 0 0 0 40 0 0 0 0.5 0.902373698 0.0124150698854835 0.00665089414414532 0.0152971577561526 0.781145451049626 4.4340161752679 -3.65287072421828 -1.05159916743648 28.6475943857381 -29.6991935531745 202.906675392308 135.819744150881 1.49394093370475 67.6355584629744 74.2264264520051 0.947710070242445 1.49394093370961 0.40587695935559 -0.136927827369311
"B2B024" 2 "S03M22" 2015 1.5 3 0 7.5 192.865 23738.8305 0 0 1 0 0 0 1 0 1 0 0 189.7 0 0 0 3.165 0 0 0 0 65 0 0 0 1.5 0 0 0.568286988 0.00709600799003373 0.00867004563390958 0.0063089891680958 0.961316713996853 11.6049858009442 -10.6436690869473 -2.08480439149129 30.6143303941475 -32.6991347856388 297.075312276923 138.151252649115 2.15036278412512 99.0251040927949 50.1183063229346 1.22494089262793 2.1503627841341 0.8478304932054 0.581529354155835
"B2B025" 2 "S02M47" 2015 1.5 2 0 6 267.85 23738.8305 0 0 1 0 0 0 0 0 1 0 0 267.85 0 0 0 0 0 0 0 0 60 0 0 0 0 0 0.5 0.555681066 0.00636534401711657 0.00642012313745182 0.00631056489678131 0.943984957904664 16.8045126286007 -15.860527670696 -1.21856773986341 27.2911186141138 -28.5096863539772 296.578330823077 148.029396927517 2.00350968779733 148.289165410615 75.0993247380179 1.27807164955103 2.0035096877974 0.974690549134043 0.507393395682341
"B2B026" 2 "S02M32" 2015 1.5 2 0 20 87.685 23738.8305 1 0 0 0 0 0 1 0 0 87.6 0 0 0 0 0 0.085 0 0 30 0 0 0 0 0 0.5 0 0 0.778091927 0.0090972032117622 0.00805191440860033 0.0101424920149241 0.954181283118504 13.7456150644487 -12.7914337813302 -0.729078806755789 3.12244914925894 -3.85152795601473 139.30935074 89.1256153232701 1.56306747767976 69.6546753699615 50.3085797157737 0.965392265522454 1.56306747767795 0.802433630191445 0.210051368449986
"B2B027" 2 "S04M32" 2015 1.5 4 0 5 178.51 23738.8305 0 0 1 1 0 0 0 1 1 0 0 143.35 35.16 0 0 0 0 0 0 0 35 35 0 0 0 11 0 0.367995835333333 0.0122312269863 0.00645133210269679 0.0141578586141677 0.869529471066971 8.4771353395862 -7.60760586851923 -2.16429324821208 35.3553003913124 -37.5195936395244 311.412591884615 129.75536477176 2.39999781459818 77.6012248930769 59.6577768890946 1.09717060889188 2.40950898309963 0.369491834392995 0.0586518299345494
"B2B032" 2 "S03M08" 2015 1.5 3 0 15 86.535 23738.8305 0 0 0 1 1 0 1 0 0 0 0 0 29.085 43.7 0 13.75 0 0 0 0 0 25 40 0 11 0 0 0.818925216666667 0.00606353601822008 0.00816279722783062 0.00501390541341482 0.88008950083523 1.79924141742567 -0.919151916590444 -1.84353393172935 13.0605674907262 -14.9041014224556 177.434963046154 92.404132185435 1.92020593505581 59.1449876812564 49.3712871566697 1.05638038831909 1.9202059351004 0.448070976859211 -0.159547662908598
"B2B035" 2 "S02M33" 2015 1.5 2 0 20 71.351 23738.8305 0 1 0 0 0 0 1 0 0 0 0 0 0 0 0 71.351 0 0 0 0 0 0 0 0 30 0 0 0.705887807 0.019383828260271 0.017094169329002 0.02167348719154 0.199613098164906 1.26207099468684 -1.06245789652193 -0.819214371921369 9.87136043381129 -10.6905748057327 81.8064843606923 64.4593808827798 1.26911681806964 40.9032421795769 53.7293084769724 0.762331863214428 1.26911681804349 0.387199434750671 -0.225834372236978
"B2B036" 2 "S06M11" 2015 1.5 6 0 7.5 173.34 23738.8305 0 0 1 1 1 0 1 1 1 0 0 104.04 46.4 8.8 0 5.355 8.745 0 0 0 25 20 20 0 1 20 0 0.696568956333333 0.00931554290605514 0.00776388179206004 0.00962587512885416 0.900779095443264 6.47721216194527 -5.57643306650201 -4.80241704621927 32.2294653538631 -37.0318824000824 311.762877207692 106.151943617096 2.93694930666802 51.9604795328846 30.4021118445795 1.17449262921453 2.93694930652885 0.439893637385402 0.299434128823103
"B2B039" 2 "S03M02" 2015 1.5 3 0 4 120.51 23738.8305 1 0 1 0 1 0 0 0 0 24.275 0 90.265 0 5.97 0 0 0 0 10 0 40 0 20 0 0 0 0 0.852814661333333 0.00358141438754656 0.0042910219923914 0.00322661058512415 0.935021730841436 5.76034420962793 -4.82532247878649 -1.52074315415104 18.3136659404105 -19.8344090945615 215.563835553846 129.945050728951 1.65888453884623 71.8546118501538 53.0187095083952 1.2392758239432 1.65888453880481 0.706239601166337 0.234068494792268
"B2B040" 2 "S04M28" 2015 1.5 4 0 5 85.685 23738.8305 0 0 0 1 1 1 0 0 1 0 0 0 83.85 1.835 0 0 0 0 0 0 0 25 40 0 0 0 0 0.692384214333333 0.00968789942984445 0.00591577794358868 0.0109452732585964 0.852395851647187 7.6459415717684 -6.79354572012122 -2.18785651764909 29.590900649378 -31.7787571670271 158.506562838462 109.549050491691 1.44690038048741 39.6266407098269 33.0487026193939 0.89195748753399 1.44690038050647 0.705696254830788 0.507896772472303
"B2B044" 2 "S03M17" 2015 1.5 3 0 35 0 23738.8305 1 1 0 0 0 0 0 0 1 0 0 0 0 0 0 0 0 0 6 0 0 0 0 0 0 0 0.5 1.03887885933333 0.0206720094571773 0.0114871921414691 0.0252644181150315 0.357874165843334 9.08935826571774 -8.73148409987441 -2.09559965213894 23.5349104874913 -25.6305101396302 130.020649859231 121.438329807081 1.07067225039889 43.340216619641 65.9253482254562 0.583702069711327 1.31276908589967 0.396600278297676 0.0219382555627447
"B2B046" 2 "S03M20" 2015 1.5 3 0 11.5 158.8 23738.8305 0 1 0 0 1 0 0 0 1 0 0 0 0 158.8 0 0 0 0 0 0 0 0 45 0 0 0 20 1.03887885933333 0.0198253477254486 0.0130452366495933 0.0232154032633762 0.242210256468161 1.93645977744962 -1.69424952098146 -0.791370284238295 19.7481218667585 -20.5394921509968 171.393220386923 91.7046508871766 1.86896977120372 57.1310734615641 61.1283230225527 0.970014562455635 1.86896977116537 0.290908555283571 -0.0780184912480249
"B2B051" 2 "S03M10" 2015 1.5 3 0 7.5 219.705 23738.8305 0 0 0 1 0 1 1 0 0 0 0 0 218.35 0 0 1.355 0 0 0 0 0 75 0 1.5 1.5 0 0 0.484838506666667 0.00986524073819188 0.00623858016119294 0.0116785710266913 0.591896801570424 6.09220957750834 -5.50031277593792 -2.65043479697061 20.9614391132023 -23.6118739101729 218.235923076923 84.1761057983119 2.59261129993138 72.7453076923077 30.5082036562064 1.43626133520887 2.59261129993138 0.855329487170485 0.620338674801122
"B2B053" 2 "S02M30" 2015 1.5 2 0 17.5 52.55 23738.8305 0 0 0 1 0 1 0 0 0 0 0 0 52.55 0 0 0 0 0 0 0 0 35 0 0.5 0 0 0 0.093623645 0.0047711369806843 0.00277292492837686 0.00676934903299174 0.95165488080478 14.5035357585659 -13.5518808777611 -0.460715233962377 11.4162015617395 -11.8769167957019 196.654615384615 101.050448404529 1.9461033423361 98.3273076923077 54.5948765288528 1.41144034989051 1.9461033423361 0.866216801224129 0.604459242015468
"B2B054" 2 "S04M21" 2015 1.5 4 0 10 108.395 23738.8305 0 1 0 1 0 1 1 0 0 0 0 0 102.35 0 0 6.045 0 0 0 0 0 55 0 0 1.5 0 0 0.822178469333333 0.0150033331907244 0.00993354712868941 0.0166932618780694 0.440695408375721 3.62474153141176 -3.18404612303604 -4.06635499755537 20.8847290382042 -24.9510840357596 193.652312278462 113.037048901328 1.71317558411759 48.4130780696154 37.4343257319134 0.913694176550036 1.71317558411759 0.604155165285611 0.38368431156428
"B2B055" 2 "S06M02" 2015 1.5 6 0 11.5 93.955 23738.8305 1 1 0 1 1 1 0 1 0 3.85 0 0 27.26 62.5 0 0 0.345 0 10 0 0 25 40 0 0 5 0 0.827720859066667 0.0100888653780771 0.00772682676450348 0.0105612731007918 0.665714446825444 3.87440542392026 -3.20869097709482 -5.15351294133391 25.2085119260906 -30.3620248674245 262.7042408 133.959845431741 1.96106706418873 43.7840401323077 40.9815337273585 0.958431590978695 1.96106706418143 0.352820460112346 0.206854132271537
"B2B060" 2 "S04M19" 2015 1.5 4 0 7.5 131.26 23738.8305 1 0 1 0 1 1 0 0 0 4.325 0 96.6 0 27.85 2.485 0 0 0 6 0 30 0 40 0.5 0 0 0 0.695758445833333 0.0045556244089174 0.00367712162300229 0.0048484586708891 0.854914130081483 6.50580212902891 -5.65088799894743 -2.710026543199 25.898384997922 -28.608411541121 239.786586976923 172.84531536073 1.38729005455824 59.9466467445385 59.6476395733633 0.915754601533255 1.38729005457716 0.558317170302309 0.326118587883466
"B2B063" 2 "S02M27" 2015 1.5 2 0 22.5 195.935 23738.8305 1 0 0 0 0 1 0 0 0 186.75 0 0 0 0 9.185 0 0 0 30 0 0 0 0 1.5 0 0 0 0.144457812 0.00321078915041156 0.00238467935260527 0.00403689894821785 0.969978733648739 9.00637990537816 -8.03640117172942 -0.826746448746272 14.5991148951567 -15.425861343903 153.849402366923 101.884740280388 1.51003380823789 76.9247011834615 61.6091799775132 1.22672400355869 1.51003380823789 0.696047855137548 0.387226851148806
"B2B064" 2 "S06M03" 2015 1.5 6 0 2 266.485 23738.8305 1 0 1 1 0 1 1 1 0 7.745 0 201.1 23.76 0 0.255 5.125 28.5 0 6 0 40 25 0 1 5.5 10.5 0 0.4328490272 0.00730162475835897 0.00553923125666164 0.00765410345869844 0.835161367109571 6.90763835404217 -6.0724769869326 -4.7765699419647 27.3004692016363 -32.077039143601 318.746 110.678294529122 2.87993234225462 53.1243333333333 44.0097299554102 1.02122990212426 2.87993234225462 0.255920114581041 0.115305147266042
"B2B065" 2 "S06M01" 2015 1.5 6 0 2 274.495 23738.8305 1 1 1 1 1 0 1 0 0 43 0 92.85 77.55 57 0 4.095 0 0 11 0 15 30 40 0 5.5 0 0 0.760120770733333 0.00855764362407538 0.00846197232951614 0.00857677788298723 0.838696292194744 5.56805021369017 -4.72935392149543 -5.52285126197946 19.859480958348 -25.3823322203275 292.860604646154 112.426751487859 2.60490142043978 48.8101007739872 42.433320880887 0.994858099340075 2.60490142031603 0.268496243519451 -0.0104500450488916
"B2B067" 2 "S04M23" 2015 1.5 4 0 2 261.45 23738.8305 0 1 1 0 1 0 0 1 0 0 0 256.95 0 4.5 0 0 0 0 0 0 70 0 10 0 0 0 0 0.98143224 0.0102080949148381 0.0100530571529856 0.010259774168789 0.686899671469068 5.27116511457962 -4.58426544311055 -1.80663286199859 22.2458067361538 -24.0524395981524 301.344993442308 164.08750609266 1.83648956960891 75.3362483587308 75.8653684236425 0.833405320201701 1.83648956956384 0.339544579283369 -0.0272827346570191
"B2B068" 2 "S03M07" 2015 1.5 3 0 15 67.445 23738.8305 1 0 0 0 1 0 1 0 0 66.115 0 0 0 0 0 1.33 0 0 40 0 0 0 10 0 5.5 0 0 0.852814661333333 0.00686510624389151 0.00790396684398288 0.00634567594384583 0.908806247001373 5.92232047899559 -5.01351423199422 -1.30898604651569 19.4944552330142 -20.8034412795299 140.460496919231 116.451004651402 1.20617677228034 46.8201656397436 46.7941415440035 0.848045752978833 1.20617677228034 0.709769656051297 0.0928534270845576
"B2B069" 2 "S02M44" 2015 1.5 2 0 35 200.85 23738.8305 0 0 0 0 0 0 1 1 0 0 0 0 0 0 0 23.75 177.1 0 0 0 0 0 0 0 16 15 0 0.991016846 0.0172923107357755 0.0112122717103949 0.023372349761156 0.945224228439939 10.9551543120122 -10.0099300835723 -0.878403436965176 35.007520069131 -35.8859235060962 167.075051217692 182.687473112292 0.914540271269702 83.5375256088462 96.0271310049734 0.95758580157131 0.914540271269702 0.908168992815041 0.773758403788847
"B2B072" 2 "S04M33" 2015 1.5 4 0 13.5 86.125 23738.8305 1 0 0 0 0 1 0 1 1 84.43 0 0 0 0 0 0 1.695 0 35 0 0 0 0 0 0 10 0 0.191081124666667 0.0174350918103619 0.00613330042550707 0.0212023556053135 0.82135519279931 6.81528758234837 -5.99393238954906 -2.43599128035358 22.5751076552221 -25.0110989355757 200.364104092308 167.3194763521 1.19749420964401 50.0910260226346 56.5975981484569 0.921484432560121 1.19749420964378 0.563419998554865 0.437699477766301
"B2B079" 2 "S03M09" 2015 1.5 3 0 12.5 24.625 23738.8305 1 0 0 0 0 1 1 0 0 24.45 0 0 0 0 0 0.175 0 0 25 0 0 0 0 0.5 1.5 0 0 0.518727951333333 0.00986666131215509 0.00597974977734521 0.01181011707956 0.625085169607383 8.09315789813494 -7.46807272852755 -1.81806614103454 17.172984496552 -18.9910506375865 162.704055183846 133.879700633752 1.21530041084382 54.2346850613333 53.0414885742123 0.847948834584734 1.21530041084576 0.724912778955309 0.489668341642731
"B2B080" 2 "S02M34" 2015 1.5 2 0 6.5 76.96 23738.8305 0 0 1 0 0 0 1 0 0 0 0 76.2 0 0 0 0.76 0 0 0 0 60 0 0 0 1.5 0 0 0.296749416 0.00554511674424688 0.00775047334943788 0.00333976013905588 0.964983485387141 10.5049543838577 -9.53997089847054 -0.545736097000419 14.4671348897144 -15.0128709867148 237.689882107692 134.499500868179 1.76721757756297 118.844941053538 70.3091484235328 1.207849308071 1.7672175775599 0.912003021581973 0.682585879990497
"B2B081" 2 "S03M06" 2015 1.5 3 0 15 100.85 23738.8305 0 1 1 0 0 0 1 0 0 0 0 100.85 0 0 0 0 0 0 0 0 45 0 0 0 1.5 0 0 0.668424815333333 0.0134895382827197 0.0121731315766849 0.0141477416357371 0.707877554268058 8.01873386763554 -7.31085631336748 -2.30897715376007 12.8618211206208 -15.1707982743809 186.567367730769 124.199135522057 1.50216317486071 62.1891225771538 47.0165062215614 0.947057476549578 1.50216317483682 0.794457258149412 0.415635756702467
"B2B082" 2 "S02M43" 2015 1.5 2 0 25 140.12 23738.8305 0 0 0 0 0 1 0 1 0 0 0 0 0 0 12.82 0 127.3 0 0 0 0 0 0 15 0 40 0 0.357382731 0.0119166798151009 0.00554503665439987 0.018288322975802 0.546475185791903 2.60052454254209 -2.05404935675019 -0.282980170776164 5.89842452060215 -6.18140469137831 235.480344973077 154.993438612718 1.51929234605519 117.740172487308 97.6443974280656 1.2238908258935 1.51929234608082 0.662946787789564 0.325363769329677
"B2B083" 2 "S04M31" 2015 1.5 4 0 6 95.11 23738.8305 0 0 0 1 1 0 1 0 1 0 0 0 52.905 40.695 0 1.51 0 0 0 0 0 30 50 0 5 0 0 0.797989900166667 0.00672747933594531 0.00874939547158621 0.00605350729073168 0.923932618041534 5.2754767441705 -4.35154412612897 -2.05761755247504 25.9568803812026 -28.0144979336777 164.580316323077 91.8440547272137 1.79195394641381 41.14507908 39.6136292598273 0.834790205044799 1.79195394635747 0.384719869148786 0.159670851317855
"B2B085" 2 "S02M36" 2015 1.5 2 0 16.5 118.3 23738.8305 0 0 0 0 1 0 1 0 0 0 0 0 0 87.85 0 30.45 0 0 0 0 0 0 40 0 10.5 0 0 0.501130065 0.00729723120195404 0.0103889811707865 0.00420548123312153 0.893206564581318 1.53345389965189 -0.640247335070573 -0.338677515749759 15.323904680935 -15.6625821966848 119.839432249231 51.2516361441723 2.33825573708747 59.9197161245769 48.2016816080206 1.1371767342093 2.33825573708319 0.354936328788831 -0.389644137018569
"B2B088" 2 "S03M24" 2015 1.5 3 0 13.5 16.75 23738.8305 0 0 0 0 0 0 1 1 1 0 0 0 0 0 0 16.75 0 0 0 0 0 0 0 0 15.5 10 0 0.660677897333333 0.0245705390633204 0.010977911207881 0.0313668529910401 0.852190965266639 6.75486722284015 -5.90267625757351 -0.967806091229546 29.8819022398401 -30.8497083310697 131.792734093077 134.53046546628 0.979649729422151 43.930911364359 47.5406205464823 0.82821102926126 0.979649729422151 0.894777750194026 0.799671348235633
"B2B090" 2 "S06M09" 2015 1.5 6 0 7.5 166.505 23738.8305 0 1 1 1 0 1 0 1 1 0 0 134.5 32.005 0 0 0 0 0 0 0 45 25 0 0 0 5.5 0 0.683012673866667 0.0169323155231402 0.00810986615946683 0.0186968053958748 0.617388708733583 7.01235888001846 -6.39497017128488 -4.98225785809573 26.2875067227721 -31.2697645808679 278.122037284615 108.858618044436 2.55489222884574 46.3536728803846 31.3582096711653 0.842182047106356 2.55489222876699 0.418932532337944 0.208570928103635
"B2B091" 2 "S04M26" 2015 1.5 4 0 8.5 69.66 23738.8305 0 0 0 0 1 1 1 1 0 0 0 0 0 51.06 0 18.6 0 0 0 0 0 0 50 1 20 0 0 0.851679141333333 0.0122913110583866 0.00796700891259321 0.0137327451069844 0.592184057570887 3.34034928781146 -2.74816523024057 -2.79647617974743 31.1332327167086 -33.929708896456 217.724597861538 119.413170567949 1.82328797423269 54.4311494651923 59.3066885550141 0.91231077568195 1.82328797428512 0.298815973179934 0.121282497247609
"B2B092" 2 "S06M12" 2015 1.5 6 0 11 115.17 23738.8305 1 0 0 0 1 1 1 1 1 20.71 0 0 0 12.8 0 1.71 79.95 0 10 0 0 0 25 0 5.5 15 6 0.677498920866667 0.0133832639670998 0.00755186067393356 0.0145495446257331 0.781742515249261 5.62470209236672 -4.84295957711746 -4.30052407220106 29.5839403690136 -33.8844644412146 226.385863453846 124.01129395196 1.82552617781364 37.7309772425641 42.4382862451677 0.824898020591597 1.82552617789388 0.279918131382356 0.206219632754024
"B2B093" 2 "S02M28" 2015 1.5 2 0 25 0 23738.8305 0 1 0 0 0 1 0 0 0 0 0 0 0 0 0 0 0 0 0 0 0 0 0 0 0 0 0 1.339521922 0.0180837089535033 0.0114269342730069 0.0247404836339997 0.0159606924191981 1.09971433220531 -1.08375363978611 -0.722073247235589 30.4379654841484 -31.1600387313839 96.4105379215385 97.796126310897 0.985831868381435 48.2052689607692 62.3344491092245 0.812452230497211 1.07055955164844 0.632269155168792 -0.227382057965396
"B2B097" 2 "S02M18" 2015 1.5 2 0 9 89.625 23738.8305 1 0 1 0 0 0 0 0 0 36.75 0 52.875 0 0 0 0 0 0 20 0 45 0 0 0 0 0 0 0.481342511 0.0024513933115565 0.0026324971312131 0.00227028949189988 0.96685863820571 6.6282723588579 -5.66141372065219 -0.908076178814192 14.0330881360334 -14.9411643148476 229.206923076923 110.371454502105 2.0766866225592 114.603461538462 69.9174928003916 1.6016434800358 2.0766866225592 0.687744994121907 0.131824049352507
"B2B098" 2 "S09M01" 2015 1.5 9 0 3.5 129.035 23738.8305 1 1 1 1 1 1 1 1 1 2.635 0 96.55 4.01 3.285 0 8.65 13.905 0 2 0 30 20 20 0 5.5 15 0 0.713055136166667 0.012247949129565 0.00804123305430551 0.0127737886389725 0.725363932950081 6.14198450534007 -5.41662057238999 -15.1739930688227 29.8053910482126 -44.9793841170353 300.069354276923 107.560341301718 2.78977688844626 33.3410393636923 23.751531800379 0.945436538410873 2.78977688844489 0.343286192954969 0.265004060220872
"B3B001" 3 "S02M39" 2015 1.5 2 0 15 17.385 23738.8305 0 1 0 0 0 0 0 1 0 0 0 0 0 0 0 0 17.385 0 0 0 0 0 0 0 0 10 0 1.696904653 0.0189055292564547 0.0151365504125718 0.0226745081003375 -0.175660217025988 1.34843964016259 -1.52409985718858 -1.30111856533897 29.2393777798851 -30.5404963452241 157.727307692308 179.255111103507 0.879904102713318 78.8636538461539 99.7943379626377 0.857326402583132 0.94631861517103 0.814381229389821 0.5504491472745
"B3B004" 3 "S02M34" 2015 1.5 2 0 10 149.06 23738.8305 0 0 1 0 0 0 1 0 0 0 0 148.1 0 0 0 0.96 0 0 0 0 70 0 0 0 1.5 0 0 0.296749416 0.00554511674424688 0.00775047334943788 0.00333976013905588 0.964983485387141 10.5049543838577 -9.53997089847054 -0.545736097000419 14.4671348897144 -15.0128709867148 228.974141276923 100.500117455539 2.2783470017159 114.487070639615 52.0709937510796 1.60369120904533 2.2783470017847 0.913398565568361 0.721629644181099
"B3B009" 3 "S02M28" 2015 1.5 2 0 20 1.135 23738.8305 0 1 0 0 0 1 0 0 0 0 0 0 0 0 1.135 0 0 0 0 0 0 0 0 0 0 0 0 1.339521922 0.0180837089535033 0.0114269342730069 0.0247404836339997 0.0159606924191981 1.09971433220531 -1.08375363978611 -0.722073247235589 30.4379654841484 -31.1600387313839 109.858307692308 118.09558125969 0.930249095863554 54.9291538461538 86.8773295830658 0.655469218617059 0.930249095863554 0.477966428129759 -0.194795515785064
"B3B015" 3 "S06M07" 2015 1.5 6 0 7.5 188.095 23738.8305 0 1 0 1 1 1 1 0 1 0 0 0 185.9 0 0 2.195 0 0 0 0 0 70 6 0 1 0 0 0.807359269 0.0149057345263187 0.0096419084053931 0.0159584997505039 0.561235211655276 4.37804331356768 -3.8168081019124 -5.28308897769381 29.2287245835181 -34.511813561212 176.215633315385 74.3428965568682 2.37030895319756 29.3692722203077 29.0043511378769 0.837768518633008 2.3703089532809 0.238854246312101 0.110312764712062
"B3B016" 3 "S02M48" 2015 1.5 2 0 22.5 110.65 23738.8305 0 0 0 1 0 0 0 0 1 0 0 0 110.65 0 0 0 0 0 0 0 0 50 0 0 0 0 6 0.125172722 0.00814989789346796 0.00710980977238588 0.00918998601455004 0.945161969856677 16.4514090429969 -15.5062470731402 -1.06496370761598 26.2901756313809 -27.3551393389969 185.051572115385 91.6104434417761 2.01998336830447 92.5257860576923 51.8064038340689 1.51782750739009 2.01998336830447 0.822678264374328 0.111650375436178
"B3B017" 3 "S06M06" 2015 1.5 6 0 10 182.32 23738.8305 1 1 1 0 0 1 1 0 1 29.29 0 151.8 0 0 0 1.23 0 0 20 0 50 0 0 1 1.5 0 0 0.697516795 0.0142118058585113 0.00863299060635301 0.0153275689089429 0.660544637438216 8.49865788319508 -7.83811324575686 -6.4996495274587 26.1810310494936 -32.6806805769523 252.403283892308 117.912308371137 2.14060166728185 42.0672139820769 28.325389683367 1.00213540076574 2.14060166729164 0.546605281953906 0.290294857879033
"B3B019" 3 "S04M34" 2015 1.5 4 0 12.5 274.75 23738.8305 0 1 0 0 0 1 0 1 1 0 0 0 0 0 163.15 0 111.6 0 0 0 0 0 0 20 0 25 1.5 0.884918387666667 0.0290480191165509 0.0106544278857079 0.0351792161934985 0.192065181079244 2.90548709140988 -2.71342191033064 -1.68916849444975 17.663293645005 -19.3524621394547 190.863084107692 132.050575214241 1.4453786649398 47.7157710278462 47.1417371679317 0.876699010041969 1.44537866499678 0.526318212656513 0.307696370164864
"B3B020" 3 "S04M29" 2015 1.5 4 0 17.5 81.11 23738.8305 1 1 0 0 0 0 1 0 1 75.63 0 0 0 0 0 0.51 0 4.97 45 0 0 0 0 0 1.5 0 11 0.908841132333333 0.0175877011932031 0.0119078667628081 0.0194809793366681 0.533733096252027 8.29687520777717 -7.76314211152514 -2.2250278252158 23.8532096995465 -26.0782375247623 154.213151722308 120.476528812255 1.28002651838207 38.5532879293846 44.3671614671766 0.770222239906321 1.28002651840364 0.486448577258506 0.261586486098126
"B3B021" 3 "S03M20" 2015 1.5 3 0 10 161.85 23738.8305 0 1 0 0 1 0 0 0 1 0 0 0 0 150.05 0 0 0 11.8 0 0 0 0 40 0 0 0 1 1.03887885933333 0.0198253477254486 0.0130452366495933 0.0232154032633762 0.242210256468161 1.93645977744962 -1.69424952098146 -0.790966284681666 19.7481218667585 -20.5390881514402 183.795006816923 147.920713782222 1.24252379614337 61.2650022721282 86.2365106714738 0.894916028299467 1.2425237961356 0.347724105563435 -0.117207161809917
"B3B022" 3 "S02M35" 2015 1.5 2 0 25 93.875 23738.8305 0 0 0 1 0 0 1 0 0 0 0 0 93.55 0 0 0.325 0 0 0 0 0 35 0 0 0.5 0 0 0.72725776 0.00772778187795803 0.00844015998437193 0.00701540377154412 0.872940031851586 2.2456142493812 -1.37267421752962 -1.16689358730465 4.2936214069404 -5.46051499424506 122.394346153846 98.5549426596202 1.24188947657917 61.1971730769231 53.2986882183958 0.956971919400476 1.24188947657917 0.866411458974484 0.413886988168028
"B3B024" 3 "S06M11" 2015 1.5 6 0 3.5 251.81 23738.8305 0 0 1 1 1 0 1 1 1 0 0 90.25 3.14 2.355 0 0.315 155.75 0 0 0 25 5.5 40 0 1.5 20 0 0.696568956333333 0.00931554290605514 0.00776388179206004 0.00962587512885416 0.900779095443264 6.47721216194527 -5.57643306650201 -4.91712134493926 32.2294653538631 -37.1465866988024 259.067239353846 114.362085465972 2.26532454614017 43.1778732251154 35.5414980281014 0.948745866697136 2.26532454611285 0.355496974661969 0.231470094057458
"B3B027" 3 "S04M30" 2015 1.5 4 0 10 144.71 23738.8305 1 0 1 0 0 0 1 0 1 9.67 0 131.75 0 0 0 0.665 0 2.625 10 0 45 0 0 0 5 0 10 0.506438992833333 0.00671637575543454 0.00723601877302608 0.00654316141623737 0.959621004403787 11.5613426489592 -10.6017216445554 -2.90048388527369 29.8600230262768 -32.7605069115505 198.315908707692 81.847462668563 2.42299397246757 49.57897717825 28.690128078086 1.25370492169163 2.42299397253946 0.588567247014287 0.279269314925268
"B3B028" 3 "S02M42" 2015 1.5 2 0 10 119.25 23738.8305 0 0 0 0 1 0 0 1 0 0 0 0 0 83.75 0 0 35.5 0 0 0 0 0 55 0 0 15 0 1.492146911 0.00565434109606493 0.00843136225435638 0.00287731993777348 0.826692492013224 1.46894247662614 -0.64224998461292 -0.238992821843809 13.5365036914325 -13.7754965132763 150.563166743846 87.5936160007904 1.71888287774862 75.28158337 57.8667415347506 1.51239390676809 1.71888287767462 0.615698664261904 0.0818144630632267
"B3B029" 3 "S06M08" 2015 1.5 6 0 10 146.365 23738.8305 1 1 1 0 1 0 0 1 1 42.9 0 37.94 0 7.33 0 0 58.195 0 20 0 15 0 35 0 0 25 0 0.868436494466667 0.0136975077936935 0.0089425595008618 0.0146484974522598 0.697145159585178 6.21148798186228 -5.5143428222771 -5.19036750234782 28.6827076013822 -33.87307510373 237.330420607692 81.3810690914707 2.91628536288873 39.5550701001923 32.2447690330518 0.988990646345845 2.91628536238911 0.258013992040944 0.159263903692507
"B3B030" 3 "S09M01" 2015 1.5 9 0 3 121.16 23738.8305 1 1 1 1 1 1 1 1 1 14.85 0 81.415 3.25 17.83 0 1.635 2.18 0 2 0 40 15 25 0 1.5 11 0 0.713055136166667 0.012247949129565 0.00804123305430551 0.0127737886389725 0.725363932950081 6.14198450534007 -5.41662057238999 -16.9109391444246 29.8053910482126 -46.7163301926372 273.920165138462 140.812468540889 1.94528345377966 30.4355739028205 26.9267613697839 0.858677876225652 1.94528345362839 0.392625372651164 0.303441779633753
"B3B031" 3 "S03M04" 2015 1.5 3 0 45 61.2 23738.8305 0 1 0 1 0 1 0 0 0 0 0 0 61.2 0 0 0 0 0 0 0 0 35 0 0 0 0 0 0.955430378 0.0141115264386134 0.00885476596264418 0.016739906676598 0.540174609394309 5.57109507327486 -5.03092046388055 -2.08315251687775 20.7955155067585 -22.8786680236363 142.126903307692 74.6748648295457 1.90327633845892 47.3756344353846 28.9321989490421 1.10490193534451 1.90327633844586 0.75628777018496 0.411184337853676
"B3B033" 3 "S02M31" 2015 1.5 2 0 20 13.695 23738.8305 0 0 0 0 1 1 0 0 0 0 0 0 0 12.53 1.165 0 0 0 0 0 0 0 25 0 0 0 0 1.13476418 0.0085618912866532 0.00472174611479148 0.0124020364585149 0.390410382544029 1.95654177145848 -1.56613138891445 -1.01296098048202 22.969690010766 -23.982650991248 93.7114862076923 112.12762444226 0.835757349483035 46.8557431026923 66.1601487129583 0.937410154951152 0.83575734949613 0.726298356526683 -0.141589855226212
"B3B036" 3 "S04M26" 2015 1.5 4 0 15 253.905 23738.8305 0 0 0 0 1 1 1 1 0 0 0 0 0 189.55 0 27.75 36.605 0 0 0 0 0 50 0 11 6 0 0.851679141333333 0.0122913110583866 0.00796700891259321 0.0137327451069844 0.592184057570887 3.34034928781146 -2.74816523024057 -2.78694949299637 31.1332327167086 -33.9201822097049 218.298282693846 99.0159022845574 2.20467902283502 54.5745706732308 57.613939285191 0.941964185587351 2.20467902285444 0.236567205014002 -0.0396359278815977
"B3B041" 3 "S03M18" 2015 1.5 3 0 6 142.45 23738.8305 1 0 0 1 0 0 0 0 1 62.2 0 0 80.25 0 0 0 0 0 40 0 0 25 0 0 0 0 0 0.0834484813333333 0.00626740072336804 0.00571785257838244 0.00654217479586085 0.931167068794873 10.5598304053117 -9.62866333651681 -2.1974217390501 32.9417174766549 -35.139139215705 183.208076923077 122.306742038519 1.49793931119003 61.069358974359 48.6560132014619 1.13760178016806 1.49793931119003 0.73327399049209 0.385196076864308
"B3B043" 3 "S03M23" 2015 1.5 3 0 15 143.65 23738.8305 0 0 0 0 0 1 0 1 1 0 0 0 0 0 0 0 143.65 0 0 0 0 0 0 0 0 35 0 0.238255154 0.0269369465030977 0.00719975450388425 0.0368055425027044 0.717561529289964 4.48391716121548 -3.76635563192552 -0.88471115670017 4.2142817660569 -5.09899292275707 187.634949819231 135.37016379329 1.38608792780771 62.5449832730769 70.9819245336331 0.805008770501235 1.38608792780771 0.437174251110449 0.178470970423654
"B3B046" 3 "S02M50" 2015 1.5 2 0 12.5 186.4 23738.8305 0 0 0 0 0 1 0 0 1 0 0 0 0 0 173.7 0 0 12.7 0 0 0 0 0 30 0 0 35 0.218796367 0.0184245215738207 0.00617230535884399 0.0306767377887973 0.969842433416765 9.04726997497038 -8.07742754155361 -0.22465474669588 7.83241521266 -8.05706995935588 151.150965579231 109.837891965666 1.37612769941432 75.5754827885 65.3719130572289 0.98093011701145 1.37612769941506 0.730659097979742 0.146903703334365
"B3B048" 3 "S02M17" 2015 1.5 2 0 7.5 132.2 23738.8305 1 1 0 0 0 0 0 0 0 132.2 0 0 0 0 0 0 0 0 40 0 0 0 0 0 0 0 0 1.483979734 0.0133032750255091 0.0119761931107772 0.0146303569402409 0.961480511209692 11.5558466370924 -10.5943661258827 -0.557527867901299 11.8036536649427 -12.361181532844 119.659154278462 104.648393047246 1.14343995922076 59.8295771381154 55.1490611473112 1.08663287344067 1.14343995920313 0.908511163376913 -0.609873091243954
"B3B051" 3 "S04M27" 2015 1.5 4 0 5 353.125 23738.8305 0 1 1 0 1 0 0 0 1 0 0 353.05 0 0.075 0 0 0 0 0 0 60 0 20 0 0 0 0 0.912139058 0.0146050778692402 0.0103666915052076 0.0160178733239177 0.598137911262596 7.17798933040856 -6.57985141914597 -2.2952120582638 24.3728489662971 -26.6680610245609 263.345190723077 130.694096668788 2.01497387743886 65.8362976803846 46.7142165881763 1.05045300066681 2.01497387743379 0.55108163504321 0.0586036889328826
"B3B054" 3 "S02M22" 2015 1.5 2 0 4.5 217.695 23738.8305 0 0 1 1 0 0 0 0 0 0 0 197.25 20.445 0 0 0 0 0 0 0 40 30 0 0 0 0 0 0.430508344 0.00245887499691743 0.00302074270698471 0.00189700728685016 0.963263493375804 7.34730132483931 -6.3840378314635 -0.554983385862516 18.4047714388016 -18.9597548246641 238.380884615385 112.370292757204 2.12138705672369 119.190442307692 65.7131432902012 1.66351714544677 2.12138705672369 0.777765688349019 0.487902660494491
"B3B055" 3 "S02M27" 2015 1.5 2 0 17.5 65.25 23738.8305 1 0 0 0 0 1 0 0 0 65.25 0 0 0 0 0 0 0 0 45 0 0 0 0 0 0 0 0 0.144457812 0.00321078915041156 0.00238467935260527 0.00403689894821785 0.969978733648739 9.00637990537816 -8.03640117172942 -0.826746448746272 14.5991148951567 -15.425861343903 161.528846153846 128.092424316615 1.26103356241103 80.7644230769231 75.2538044054498 1.26867375031845 1.26103356241103 0.720658033891249 0.421022567375071
"B3B062" 3 "S03M08" 2015 1.5 3 0 22.5 58.44 23738.8305 0 0 0 1 1 0 1 0 0 0 0 0 46.07 6.625 0 5.745 0 0 0 0 0 40 25 0 1.5 0 0 0.818925216666667 0.00606353601822008 0.00816279722783062 0.00501390541341482 0.88008950083523 1.79924141742567 -0.919151916590444 -1.83358051361545 13.0605674907262 -14.8941480043417 121.667489053846 76.4743385106238 1.59095837144043 40.5558296832308 33.1823138121237 0.992383935457727 1.59095837137676 0.629111600441233 0.238291144741923
"B3B064" 3 "S06M04" 2015 1.5 6 0 6 138.805 23738.8305 0 1 1 0 1 1 1 1 0 0 0 95.1 0 38.2 4.35 1.155 0 0 0 0 25 0 50 0 1.5 1.5 0 0.812371014733333 0.012300682301194 0.00920292329226705 0.0129202341029794 0.599493175331305 4.92384947446154 -4.32435629913024 -4.48162794139462 25.2075075408028 -29.6891354821974 269.809422369231 163.667848688702 1.64851816976229 44.9682370612692 45.8683140476117 0.867774673829942 1.64851816975179 0.394270517590047 0.318533417568905
"B3B066" 3 "S02M37" 2015 1.5 2 0 30 15.335 23738.8305 0 0 0 0 0 1 1 0 0 0 0 0 0 0 0 15.335 0 0 0 0 0 0 0 0 20 0 0 0.633634115 0.0143768079231841 0.00750265557083004 0.0212509602755382 -0.0489045079450925 1.52747872457792 -1.57638323252301 -0.601351022509556 15.8999316997024 -16.5012827222119 102.646256410769 117.90200875202 0.870606510417158 51.3231282053846 63.2304413276886 1.01135902269052 0.870606510417158 0.874897556735233 -0.11093411456257
"B3B068" 3 "S04M28" 2015 1.5 4 0 12.5 98.75 23738.8305 0 0 0 1 1 1 0 0 1 0 0 0 20.2 78.55 0 0 0 0 0 0 0 20 55 0 0 0 5 0.692384214333333 0.00968789942984445 0.00591577794358868 0.0109452732585964 0.852395851647187 7.6459415717684 -6.79354572012122 -2.19231571059112 29.590900649378 -31.7832163599691 171.179948663846 111.640059541038 1.5333201125795 42.7949871646538 44.9789977378157 0.92301434008659 1.53332011261577 0.421948783511062 0.0161604890044047
"B3B071" 3 "S02M21" 2015 1.5 2 0 12.5 128.72 23738.8305 0 1 0 1 0 0 0 0 0 0 1.02 0 127.7 0 0 0 0 0 0 6 0 20 0 0 0 0 0 1.433145567 0.0155371630246757 0.0123644386865488 0.0187098873628026 0.65290825495895 1.11003512905337 -0.457126874094417 -0.57293276416256 0.708819231790005 -1.28175199595256 148.626879807692 131.359475130509 1.13145153526251 74.3134399038462 100.034502380163 0.698926929383212 1.13145153526251 0.454069129000976 -0.314553416345078
"B3B072" 3 "S02M23" 2015 1.5 2 0 10 129.5 23738.8305 1 0 0 0 1 0 0 0 0 86.25 0 0 0 43.25 0 0 0 0 10 0 0 0 25 0 0 0 0 1.279221992 0.00498002976802683 0.00527100495256178 0.00468905458349188 0.879030893304298 2.48789247288615 -1.60886157958185 -0.4806586211346 19.0452063872878 -19.5258650084224 152.169647692308 90.7931000433401 1.67600453800641 76.0848238423077 78.1555410853249 1.06975912660603 1.6760045381465 0.381786342937814 -0.546382645327054
"B3B075" 3 "S03M05" 2015 1.5 3 0 5 218.59 23738.8305 0 0 1 0 1 1 0 0 0 0 0 214.85 0 3.74 0 0 0 0 0 0 50 0 40 0 0 0 0 0.756509453333333 0.00532928514500928 0.00392484943387787 0.00603150300057499 0.771205505110051 6.97075601235041 -6.19955050724036 -2.18036837431809 23.8857270699865 -26.0660954443046 240.564377515385 146.002866673786 1.64766886428933 80.1881258377179 68.7783063954176 1.05181585800732 1.64766886431622 0.543279127575929 0.169460392130641
"B3B077" 3 "S04M24" 2015 1.5 4 0 15 225.305 23738.8305 0 0 1 1 0 0 1 1 0 0 0 76.65 33.835 0 0 0.16 114.66 0 0 0 20 35 0 0 1.5 21 0 0.567259813666667 0.00699444526491208 0.00711650720868982 0.0069537579503195 0.912468445942987 6.58477605750613 -5.67230761156314 -2.55630798757347 29.1896099750148 -31.7459179625883 299.470374553846 148.014456189439 2.02325085173143 74.8675936392115 62.7676125112 1.05233373820737 2.0232508517594 0.409647831935512 0.215433482377987
"B3B079" 3 "S03M03" 2015 1.5 3 0 17.5 141.55 23738.8305 1 1 0 0 0 1 0 0 0 141.55 0 0 0 0 0 0 0 0 30 0 0 0 0 0 0 0 0 0.989319822666667 0.0125114761979229 0.00859593557879644 0.0144692465074862 0.649139979092543 7.2206469582253 -6.57150697913275 -1.44898950997261 17.7712080897678 -19.2201975997404 155.792611763077 155.349950410076 1.00284944637467 51.9308705871795 63.8032589310423 0.858754601953819 1.00284944636292 0.668089756179591 0.300055882779377
"B3B081" 3 "S03M01" 2015 1.5 3 0 15 196 23738.8305 0 1 1 1 0 0 0 0 0 0 0 196 0 0 0 0 0 0 0 0 30 15 0 0 0 0 0 0.955430378 0.0114592975441872 0.0090199778150494 0.0126789574087561 0.858402609195627 6.91550422608492 -6.0571016168893 -1.61503240170938 11.7007216452931 -13.3157540470025 224.807826923077 175.034903464322 1.28435999034273 74.9359423076923 65.0111191318257 0.922355865035596 1.28435999034273 0.820409616765518 0.460285688337889
"B3B082" 3 "S04M18" 2015 1.5 4 0 7.5 114.43 23738.8305 1 0 1 1 0 1 0 0 0 3.87 0 61.645 48.915 0 0 0 0 0 15 0 20 30 0 1 0 0 0 0.256275196333333 0.00323353382118733 0.00270271102979499 0.00341047475165144 0.951898248537809 8.2208698202361 -7.26897157169829 -3.17800462065191 22.3633248426786 -25.5413294633306 246.836269230769 153.639671389561 1.6065920149289 61.7090673076923 50.0423136131671 1.20625524722825 1.6065920149289 0.626704442158912 0.438842701416763
"B3B084" 3 "S04M22" 2015 1.5 4 0 15 218.25 23738.8305 1 1 0 1 0 0 0 1 0 72.1 0 0 146.15 0 0 0 0 0 25 0 0 25 0 0 0 6 0 0.856924687666667 0.0107079626292229 0.00922936708935947 0.0112008278091774 0.657891721129779 3.56596142256145 -2.90806970143167 -2.4191959182121 20.5092518149083 -22.9284477331204 240.838720603846 145.548076360768 1.65470218930879 60.2096801506731 56.102993863032 0.976328164461655 1.65470218928584 0.46590665847696 0.245490951181271
"B3B085" 3 "S02M41" 2015 1.5 2 0 20 271.2 23738.8305 0 0 0 1 0 0 0 1 0 0 0 0 180.5 0 0 0 90.7 0 0 0 0 35 0 0 0 25 0 0.263759086 0.00515702447183421 0.00648254106794176 0.00383150787572666 0.760286632046745 2.07819298628829 -1.31790635424155 -0.62755245107459 22.9725269140006 -23.6000793650752 222.938537284615 131.471069821975 1.69572315480886 111.469268640962 80.492035722646 1.26657097689084 1.69572315479879 0.706281665956357 0.3041052894665
"B3B087" 3 "S03M13" 2015 1.5 3 0 12.5 244.5 23738.8305 0 1 0 0 1 0 0 1 0 0 0 0 0 0 0 0 244.5 0 0 0 0 0 5.5 0 0 55 0 1.13126976866667 0.0129071660352221 0.0126270575132972 0.0130472202961846 0.411691161330424 1.59850252577259 -1.18681136444217 -1.71184852067305 25.8947233053399 -27.6065718260129 233.142555038462 121.054511152379 1.92593033352545 77.714185010641 82.5444058811328 1.07789781614508 1.92593033341226 0.283820436108894 -0.132700961931267
"B3B089" 3 "S03M19" 2015 1.5 3 0 3.5 286.95 23738.8305 0 0 1 1 0 0 0 0 1 0 0 173.45 113.5 0 0 0 0 0 0 0 30 40 0 0 0 0 1 0.370454044 0.00570508800146505 0.00551689187227414 0.0057991860660605 0.950803473712382 13.534407665479 -12.5836041917666 -2.59131845198069 33.176962352638 -35.7682808046187 200.532442446154 115.65006101858 1.73395881229961 66.8441474826923 49.2215646899873 1.27431886316657 1.73395881231285 0.652745091875899 0.321884468028777
"B3B090" 3 "S02M29" 2015 1.5 2 0 15 212.95 23738.8305 0 0 1 0 0 1 0 0 0 0 0 160.85 0 0 52.1 0 0 0 0 0 40 0 0 20 0 0 0 0.336884699 0.00252761157833609 0.00208323829344281 0.00297198486322937 0.964030471771823 10.790858468453 -9.8268279966812 -0.905454007691003 11.8779048455106 -12.7833588532016 235.939961538462 114.895831368473 2.05351193971344 117.969980769231 65.9724480271427 1.48952408160155 2.05351193971344 0.794020063944166 0.427482164823225
"B3B091" 3 "S09M01" 2015 1.5 9 0 3 168.875 23738.8305 1 1 1 1 1 1 1 1 1 63.93 0 78.65 8.73 16.895 0 0.275 0 0.395 15 0 20 15 30 0 1 11 5 0.713055136166667 0.012247949129565 0.00804123305430551 0.0127737886389725 0.725363932950081 6.14198450534007 -5.41662057238999 -12.6896606581749 29.8053910482126 -42.4950517063875 289.098710330769 130.236278302608 2.21980168735351 32.1220789251453 33.5836516228854 0.903923625288794 2.21980168729891 0.237864733373466 0.043668298445435
"B3B093" 3 "S02M46" 2015 1.5 2 0 20 10.75 23738.8305 0 1 0 0 0 0 0 0 1 0 0 0 0 0 0 0 0 10.75 0 0 0 0 0 0 0 0 5 1.558318289 0.0345037485177783 0.0157638191170159 0.0532436779185406 -0.840593976787638 1.53301709244495 -2.37361106923259 -0.243709794290775 5.18689178828969 -5.43060158258047 108.923110576923 132.763322135603 0.820430739641106 54.4615552884615 93.5600232232874 0.584423627615745 0.95035891634914 0.516088139891974 -0.0398000072197298
"B3B094" 3 "S03M07" 2015 1.5 3 0 15 62.435 23738.8305 1 0 0 0 1 0 1 0 0 3.735 0 0 0 32.7 0 26 0 0 10 0 0 0 35 0 15 0 0 0.852814661333333 0.00686510624389151 0.00790396684398288 0.00634567594384583 0.908806247001373 5.92232047899559 -5.01351423199422 -1.30873883978258 19.4944552330142 -20.8031940727968 116.390119923077 116.954857303203 0.99517132171209 38.7967066397949 45.2034746313915 1.13799237945509 0.995171321737856 0.75218956764753 0.300198909882832
"B3B096" 3 "S06M05" 2015 1.5 6 0 6.5 136.545 23738.8305 1 0 1 1 1 1 0 0 1 19.475 0 64.15 49.225 3.695 0 0 0 0 6 0 25 30 20 0 0 0 0 0.553696927533333 0.00641491770519179 0.00482135100613016 0.00673363104500412 0.90726914637576 8.1555877706469 -7.24831862427114 -7.13446303440355 32.6922459866081 -39.8267090210116 216.171219153846 109.75125337437 1.96964692891907 36.0285365252308 28.2815057253852 1.17008890836238 1.96964692891182 0.47835033409162 0.282847249667652
"B3B097" 3 "S02M33" 2015 1.5 2 0 35 81.855 23738.8305 0 1 0 0 0 0 1 0 0 0 0 0 0 0 0 81.855 0 0 0 0 0 0 0 0 35 0 0 0.705887807 0.019383828260271 0.017094169329002 0.02167348719154 0.199613098164906 1.26207099468684 -1.06245789652193 -0.819214371921369 9.87136043381129 -10.6905748057327 67.7161153846154 59.3163071170687 1.14161043860955 33.8580576923077 51.8649215135051 0.684108871246105 1.14161043860955 0.347724652632765 -0.342897910922505
"B3B098" 3 "S03M11" 2015 1.5 3 0 8.5 86.685 23738.8305 1 0 1 0 0 0 0 1 0 16.885 0 69.8 0 0 0 0 0 0 6 0 40 0 0 0 0 25 0 0.462844953333333 0.00369733768375919 0.00483988235213033 0.00312606534957363 0.929234438310566 5.7533648283219 -4.82413039001133 -2.59394897385357 22.1687188153345 -24.762667789188 240.2157243 112.592525315112 2.13349619459826 80.0719080982051 54.70587598945 1.28767430844264 2.13349619458197 0.540134852290679 0.258063971925514
"B4B002" 4 "S02M38" 2015 1.5 2 0 15 69.235 23738.8305 1 0 0 0 0 0 0 1 0 63.1 0 0 0 0 0 0 6.135 0 15 0 0 0 0 0 0 15 0 0.212924919 0.0054678415907035 0.00609429549217016 0.00484138768923683 0.852731872169279 4.25438303744973 -3.40165116528045 -1.39627815924661 17.7081104039214 -19.104388563168 172.267206246154 86.293617332557 1.99629140104619 86.1336031215385 58.7724953875193 1.28386855941556 1.99629140104433 0.602301320358937 -0.229859435334233
"B4B003" 4 "S02M42" 2015 1.5 2 0 10 74.61 23738.8305 0 0 0 0 1 0 0 1 0 0 0 0 0 72.65 0 0 1.96 0 0 0 0 0 40 0 0 6 0 1.492146911 0.00565434109606493 0.00843136225435638 0.00287731993777348 0.826692492013224 1.46894247662614 -0.64224998461292 -0.238992821843809 13.5365036914325 -13.7754965132763 139.073274915385 61.2324545666426 2.2712346891798 69.5366374565385 44.0936808186984 1.87371342733987 2.27123468910206 0.545994967883683 0.0341707518981883
"B4B005" 4 "S03M06" 2015 1.5 3 0 4 167.56 23738.8305 0 1 1 0 0 0 1 0 0 0 1.72 164.5 0 0 0 1.34 0 0 0 10 65 0 0 0 2 0 0 0.668424815333333 0.0134895382827197 0.0121731315766849 0.0141477416357371 0.707877554268058 8.01873386763554 -7.31085631336748 -2.21059382066837 12.8618211206208 -15.0724149412892 201.580526815385 95.6356747464679 2.10779635684883 67.1935089379231 36.1461079596586 1.21692929940492 2.10779635687647 0.799978446849859 0.573078583155258
"B4B006" 4 "S02M40" 2015 1.5 2 0 5 158.27 23738.8305 0 0 1 0 0 0 0 1 0 0 0 142.4 0 0 0 0 15.87 0 0 0 60 0 0 0 0 15 0 0.69426743 0.00402968665029594 0.00579285443300771 0.00226651886758417 0.96811280455671 6.37743908865807 -5.40932628410136 -0.509332912530754 22.9248701033543 -23.434203015885 232.198306515385 107.478081075625 2.16042475071733 116.099153256346 70.4210838374261 1.28981317180066 2.16042475063628 0.644082890359931 -0.0890967037317151
"B4B008" 4 "S02M21" 2015 1.5 2 0 30 10.75 23738.8305 0 1 0 1 0 0 0 0 0 0 0 0 10.75 0 0 0 0 0 0 0 0 20 0 0 0 0 0 1.433145567 0.0155371630246757 0.0123644386865488 0.0187098873628026 0.65290825495895 1.11003512905337 -0.457126874094417 -0.57293276416256 0.708819231790005 -1.28175199595256 151.311509069231 142.610956292121 1.06100900662421 75.6557545321154 72.163686168621 0.835879428514544 1.06100900660359 0.978063035567642 0.0371859906446362
"B4B012" 4 "S09M01" 2015 1.5 9 0 10 180.24 23738.8305 1 1 1 1 1 1 1 1 1 1.135 26.71 110.85 1.655 37.05 0 2.185 0.655 0 2 1.5 30 10 20 0 1.5 5 0 0.713055136166667 0.012247949129565 0.00804123305430551 0.0127737886389725 0.725363932950081 6.14198450534007 -5.41662057238999 -23.3175411772707 29.8053910482126 -53.1229322254833 263.362192215385 100.714724656519 2.61493235585526 29.2624658017094 26.1818406530656 0.917872714360121 2.61493235594602 0.245784171512827 0.166041609056915
"B4B016" 4 "S02M24" 2015 1.5 2 0 17.5 95.5 23738.8305 0 1 0 0 1 0 0 0 0 0 0 0 0 95.5 0 0 0 0 0 0 0 0 20 0 0 0 0 0.204757742 0.0139515463617031 0.0143132598729634 0.0135898328504428 0.584041209004035 1.97812546052905 -1.39408425152501 -1.50666105174019 8.54979453906379 -10.056455590804 126.496787142308 70.489080420717 1.79455862365215 63.2483935707692 58.8714644262212 1.03102825811867 1.7945586237082 0.410504367707239 -0.305226829994612
"B4B019" 4 "S02M50" 2015 1.5 2 0 30 17.415 23738.8305 0 0 0 0 0 1 0 0 1 0 0 0 0 0 0 0 0 17.415 0 0 0 0 0 0 0 0 35 0.218796367 0.0184245215738207 0.00617230535884399 0.0306767377887973 0.969842433416765 9.04726997497038 -8.07742754155361 -0.22465474669588 7.83241521266 -8.05706995935588 114.443710059231 127.697810759631 0.896207298922696 57.2218550296154 69.7670781210988 0.849330661718048 0.896207298922696 0.845366840599566 0.619128152157788
"B4B020" 4 "S02M19" 2015 1.5 2 0 3.5 112.85 23738.8305 0 1 1 0 0 0 0 0 0 0 0 112.85 0 0 0 0 0 0 0 0 60 0 0 0 0 0 0 1.002637223 0.0145523648141151 0.0116747520516147 0.0174299775766155 0.959036079252126 12.2891762243621 -11.33014014511 -0.542705612448024 2.20254684902772 -2.74525246147574 172.604201376923 116.28266908715 1.48435018504401 86.3021006857692 66.8499777585917 1.0835735034292 1.48435018495601 0.783169593061912 -0.32373678078781
"B4B022" 4 "S02M32" 2015 1.5 2 0 17.5 54.775 23738.8305 1 0 0 0 0 0 1 0 0 51.97 0 0 0 0 0 2.805 0 0 30 0 0 0 0 0 10 0 0 0.778091927 0.0090972032117622 0.00805191440860033 0.0101424920149241 0.954181283118504 13.7456150644487 -12.7914337813302 -0.729078806755789 3.12244914925894 -3.85152795601473 134.870692307692 85.1168567065641 1.5845356316746 67.4353461538462 44.452012580735 1.41792057442601 1.5845356316746 0.929065882714719 0.375785992958642
"B4B023" 4 "S02M23" 2015 1.5 2 0 10 82.28 23738.8305 1 0 0 0 1 0 0 0 0 21.38 0 0 0 60.9 0 0 0 0 6 0 0 0 45 0 0 0 0 1.279221992 0.00498002976802683 0.00527100495256178 0.00468905458349188 0.879030893304298 2.48789247288615 -1.60886157958185 -0.4806586211346 19.0452063872878 -19.5258650084224 142.06725 108.986577725673 1.30352978288385 71.033625 66.6829969864629 1.2034505359509 1.30352978288385 0.693117582530329 0.0636916309304582
"B4B024" 4 "S02M18" 2015 1.5 2 0 3.5 166.305 23738.8305 1 0 1 0 0 0 0 0 0 5.405 0 160.9 0 0 0 0 0 0 2 0 60 0 0 0 0 0 0 0.481342511 0.0024513933115565 0.0026324971312131 0.00227028949189988 0.96685863820571 6.6282723588579 -5.66141372065219 -0.908076178814192 14.0330881360334 -14.9411643148476 264.774846153846 105.455898860492 2.51076373171042 132.387423076923 71.7011453344467 1.76199936516982 2.51076373171042 0.620286705227546 0.211567128081536
"B4B026" 4 "S03M09" 2015 1.5 3 0 12.5 57.15 23738.8305 1 0 0 0 0 1 1 0 0 49.65 0 0 0 0 0 7.5 0 0 25 0 0 0 0 0 5 0 0 0.518727951333333 0.00986666131215509 0.00597974977734521 0.01181011707956 0.625085169607383 8.09315789813494 -7.46807272852755 -1.81642537831755 17.172984496552 -18.9894098748695 125.262786446154 79.2448752292059 1.58070520123663 41.7542621474359 31.0453146815041 1.18177438920493 1.58070520120975 0.746469972314587 0.39842702799647
"B4B031" 4 "S04M31" 2015 1.5 4 0 10 80.56 23738.8305 0 0 0 1 1 0 1 0 1 0 0 0 39.585 33.275 0 7.7 0 0 0 0 0 35 20 0 5 0 5.5 0.797989900166667 0.00672747933594531 0.00874939547158621 0.00605350729073168 0.923932618041534 5.2754767441705 -4.35154412612897 -2.09486279354509 25.9568803812026 -28.0517431747477 191.944019369231 118.586637275754 1.61859737132857 47.9860048428846 48.1862776665244 0.951073449282188 1.61859737136193 0.422652243452115 0.00605497101212174
"B4B032" 4 "S02M41" 2015 1.5 2 0 10 138.46 23738.8305 0 0 0 1 0 0 0 1 0 0 0 0 132.6 0 0 0 5.86 0 0 0 0 55 0 0 0 1 0 0.263759086 0.00515702447183421 0.00648254106794176 0.00383150787572666 0.760286632046745 2.07819298628829 -1.31790635424155 -0.62755245107459 22.9725269140006 -23.6000793650752 204.915960361538 141.804855290311 1.44505602394236 102.457980179615 82.6396490071677 1.16640541328479 1.44505602391237 0.761414297894809 0.47181612365562
"B4B034" 4 "S02M51" 2015 1.5 2 0 35 33.175 23738.8305 0 0 0 0 0 0 1 0 1 0 0 0 0 0 0 31.89 0 1.285 0 0 0 0 0 0 15.5 0 15 0.852430482 0.0105580914416446 0.0118395404148391 0.00927664246845022 0.974981698698753 7.50549039037424 -6.53050869167549 -0.437713528607485 25.1056630859269 -25.5433766145344 116.072091816923 119.13943818207 0.974254147812419 58.0360459076538 63.5280758878969 0.908899183082142 0.974254147802478 0.886326874237867 0.77137279680385
"B4B035" 4 "S03M16" 2015 1.5 3 0 32.5 46.15 23738.8305 0 1 0 0 0 0 1 1 0 0 0 0 0 0 0 15.65 30.5 0 0 0 0 0 0 0 16 15 0 1.13126976866667 0.0198759646175595 0.0144809971506562 0.0225734483510112 0.323059036526286 4.52188831562055 -4.19882927909426 -0.737409715395061 19.3986681776095 -20.1360778930045 210.439407096923 194.777784999589 1.08040764041632 70.1464690326667 93.5267688385803 0.74035022974313 1.08040764042652 0.50332147938987 0.272124348593786
"B4B036" 4 "S04M29" 2015 1.5 4 0 20 74.15 23738.8305 1 1 0 0 0 0 1 0 1 67.3 0 0 0 0 0 6.85 0 0 25 0 0 0 0 0 10 0 0 0.908841132333333 0.0175877011932031 0.0119078667628081 0.0194809793366681 0.533733096252027 8.29687520777717 -7.76314211152514 -2.2753329992971 23.8532096995465 -26.1285426988436 181.563836371538 111.159522033166 1.63336287391886 45.3909590940385 32.2856845381609 0.932454132570272 1.63336287394178 0.760205776105621 0.572863370416651
"B4B038" 4 "S06M04" 2015 1.5 6 0 3.5 170.045 23738.8305 0 1 1 0 1 1 1 1 0 0 0 101.6 0 8.11 0 15.1 45.235 0 0 0 35 0 20 0.5 5.5 25 0 0.812371014733333 0.012300682301194 0.00920292329226705 0.0129202341029794 0.599493175331305 4.92384947446154 -4.32435629913024 -3.87793242386326 25.2075075408028 -29.085439964666 314.1143525 110.913797889938 2.83205839558123 52.352392082641 33.8049741024917 1.18638669839917 2.83205839546616 0.382741365599694 0.260736569058046
"B4B042" 4 "S04M17" 2015 1.5 4 0 10 148.695 23738.8305 1 1 0 1 1 0 0 0 0 1.91 1.415 0 35.62 109.75 0 0 0 0 6 20 0 20 50 0 0 0 0 0.946721171166667 0.0094490906872984 0.00881772181955528 0.0096595469765461 0.807864341328293 3.29990448468787 -2.49204014335958 -4.3221258594474 17.9876117537534 -22.3097376132008 159.23949814 87.2733209778019 1.82460683695654 39.809874535 48.5577202712461 0.855929094383982 1.82460683695654 0.241307378490261 -0.123224835750287
"B4B043" 4 "S03M21" 2015 1.5 3 0 17.5 40.3 23738.8305 0 0 0 0 1 1 0 0 1 0 0 0 0 40.3 0 0 0 0 0 0 0 0 25 0 0 0 10 0.902373698 0.0124150698854835 0.00665089414414532 0.0152971577561526 0.781145451049626 4.4340161752679 -3.65287072421828 -1.05156932719795 28.6475943857381 -29.699163712936 174.102435516154 153.736640304085 1.13247196746193 58.0341451714103 71.2977239546003 0.886059735714591 1.13247196744136 0.538579560527593 -0.0133612967218607
"B4B044" 4 "S02M20" 2015 1.5 2 0 30 98.43 23738.8305 1 0 0 1 0 0 0 0 0 4.26 0 0 94.17 0 0 0 0 0 2 0 0 30 0 0 0 0 0 0.050834167 0.00291975132643341 0.00332218376614716 0.00251731888671965 0.895603273419996 1.04887110532231 -0.153267831902315 -0.681898521739033 7.29289649725908 -7.97479501899811 168.205307692308 98.5373289058387 1.7070211823282 84.1026538461539 59.6127557700165 1.43659429011961 1.7070211823282 0.725230949602984 0.340131833490962
"B4B050" 4 "S03M15" 2015 1.5 3 0 15 168.73 23738.8305 0 0 1 0 0 1 0 1 0 0 0 168.45 0 0 0 0 0.28 0 0 0 50 0 0 0 0 15 0 0.462844953333333 0.00671942031045349 0.0044737097936168 0.00784227556887184 0.826206154040145 6.58960736655106 -5.76340121251092 -1.27981796593275 20.3962079999118 -21.6760259658446 264.347158353846 112.999619625815 2.33936325829416 88.1157194497436 62.732731574761 1.18814642792289 2.33936325822935 0.433400611157444 0.104373905989574
"B4B052" 4 "S02M47" 2015 1.5 2 0 10 145.15 23738.8305 0 0 1 0 0 0 0 0 1 0 0 145.15 0 0 0 0 0 0 0 0 60 0 0 0 0 0 0 0.555681066 0.00636534401711657 0.00642012313745182 0.00631056489678131 0.943984957904664 16.8045126286007 -15.860527670696 -1.21856773986341 27.2911186141138 -28.5096863539772 224.082369423077 84.1288430648405 2.66356176145642 112.041184711577 43.2464495871004 1.66402155940217 2.66356176131336 0.960709676125116 0.0328967059193942
"B4B053" 4 "S03M23" 2015 1.5 3 0 40 14.82 23738.8305 0 0 0 0 0 1 0 1 1 0 0 0 0 0 0 0 14.82 0 0 0 0 0 0 0 0 15 0.5 0.238255154 0.0269369465030977 0.00719975450388425 0.0368055425027044 0.717561529289964 4.48391716121548 -3.76635563192552 -0.884249781123805 4.2142817660569 -5.0985315471807 134.476444488462 158.529794255408 0.848272371260418 44.8254814955385 61.0150655342809 0.688764104036603 0.987834257211347 0.757448734386432 0.62657335043056
"B4B054" 4 "S02M25" 2015 1.5 2 0 7.5 152.65 23738.8305 0 0 1 0 1 0 0 0 0 0 0 102.35 0 50.3 0 0 0 0 0 0 45 0 40 0 0 0 0 0.797879481 0.00384502578669 0.00496956389339932 0.00272048767998067 0.959175661014301 8.16486779713974 -7.20569213612544 -0.495481327141681 3.82790767584778 -4.32338900298946 242.761538461538 130.089523252012 1.86611137002366 121.380769230769 75.1730936145386 1.44404297653478 1.86611137002366 0.79021822082563 -0.274369023386962
"B4B056" 4 "S03M13" 2015 1.5 3 0 22.5 83.74 23738.8305 0 1 0 0 1 0 0 1 0 0 18.65 0 0 53.2 0 0 11.89 0 0 6 0 0 50 0 0 11 0 1.13126976866667 0.0129071660352221 0.0126270575132972 0.0130472202961846 0.411691161330424 1.59850252577259 -1.18681136444217 -1.69596878747471 25.8947233053399 -27.5906920928146 185.947975473846 109.302795115821 1.70121885059582 61.9826584912821 70.88790225067 1.11796469673682 1.70121885059582 0.302065933930301 -0.188593501437342
"B4B061" 4 "S02M26" 2015 1.5 2 0 12.5 50.84 23738.8305 0 0 0 1 1 0 0 0 0 0 0 0 30.74 20.1 0 0 0 0 0 0 0 35 40 0 0 0 0 1.228387825 0.00474004088195608 0.00565925052833337 0.00382083123557879 0.874121906072785 1.61865610324393 -0.744534197171145 -0.53787674080043 5.23652249005389 -5.77439923085432 120.19503147 115.701227285886 1.0388397278882 60.097515735 64.6432873283769 1.14345673468906 1.0388397278882 0.812602799898978 -0.524716083642137
"B4B064" 4 "S06M08" 2015 1.5 6 0 6 134.965 23738.8305 1 1 1 0 1 0 0 1 1 0 2.59 121.8 0 9.15 0 0 1.425 0 0.5 1.5 50 0 20 0 0 6 0 0.868436494466667 0.0136975077936935 0.0089425595008618 0.0146484974522598 0.697145159585178 6.21148798186228 -5.5143428222771 -5.0678831805728 28.6827076013822 -33.750590781955 306.369810753846 150.280671006829 2.03865080386767 51.0616351234872 41.0305981467802 0.923825934880087 2.03865080374554 0.434998485365469 0.110584255621731
"B4B065" 4 "S03M05" 2015 1.5 3 0 7.5 165.24 23738.8305 0 0 1 0 1 1 0 0 0 0 0 102.29 0 62.95 0 0 0 0 0 0 45 0 40 0 0 0 0 0.756509453333333 0.00532928514500928 0.00392484943387787 0.00603150300057499 0.771205505110051 6.97075601235041 -6.19955050724036 -2.07023693218476 23.8857270699865 -25.9559640021713 236.142287746154 119.942224500505 1.96880030139143 78.7140959120769 58.3502938375388 0.974800478119363 1.9688003012964 0.523009775697714 0.0966125599879847
"B4B067" 4 "S02M30" 2015 1.5 2 0 17.5 46.96 23738.8305 0 0 0 1 0 1 0 0 0 0 0 0 46.96 0 0 0 0 0 0 0 0 30 0 0 0 0 0 0.093623645 0.0047711369806843 0.00277292492837686 0.00676934903299174 0.95165488080478 14.5035357585659 -13.5518808777611 -0.460715233962377 11.4162015617395 -11.8769167957019 122.517692307692 103.543609745994 1.18324725792585 61.2588461538462 57.6200815371257 0.851125504908302 1.18324725792585 0.818149438519572 0.427621059775212
"B4B068" 4 "S03M04" 2015 1.5 3 0 20 43.89 23738.8305 0 1 0 1 0 1 0 0 0 0 7.1 0 36.79 0 0 0 0 0 0 15 0 20 0 0 0 0 0 0.955430378 0.0141115264386134 0.00885476596264418 0.016739906676598 0.540174609394309 5.57109507327486 -5.03092046388055 -2.09773862874198 20.7955155067585 -22.8932541355005 133.517369652308 96.7369205018077 1.3802110813504 44.505789881641 41.6599915347647 0.880653431925694 1.38021108131367 0.621424429661878 0.241187419687057
"B4B069" 4 "S04M32" 2015 1.5 4 0 10 170.48 23738.8305 0 0 1 1 0 0 0 1 1 0 0 137.65 27.45 0 0 0 5.38 0 0 0 30 30 0 0 0 15 0 0.367995835333333 0.0122312269863 0.00645133210269679 0.0141578586141677 0.869529471066971 8.4771353395862 -7.60760586851923 -2.23298967962186 35.3553003913124 -37.5882900709342 270.780437015385 116.608255371499 2.32213779507045 67.6951092530769 53.0221170055024 1.15583993455488 2.32213779499868 0.376366299241742 0.127257447820266
"B4B072" 4 "S04M20" 2015 1.5 4 0 10 98.685 23738.8305 0 1 1 0 0 1 1 0 0 0 0 96.25 0 0 0 2.435 0 0 0 0 50 0 0 0.5 5.5 0 0 0.719219197 0.0138230076628029 0.00958870381122238 0.0152344422799964 0.50911988650835 6.24570885469048 -5.73658896818213 -2.32104404563681 18.9024031844731 -21.22344723011 181.350673130769 129.103347166262 1.4046938139971 45.3376682820769 38.7888563048674 0.806029331801216 1.40469381397939 0.710903918680777 0.511530269014966
"B4B074" 4 "S04M18" 2015 1.5 4 0 15 105.55 23738.8305 1 0 1 1 0 1 0 0 0 1.595 0 93.35 10.605 0 0 0 0 0 1.5 25 25 6 0 0 0 0 0 0.256275196333333 0.00323353382118733 0.00270271102979499 0.00341047475165144 0.951898248537809 8.2208698202361 -7.26897157169829 -3.33016282371374 22.3633248426786 -25.6934876663924 225.721961538462 153.779029758132 1.46783317526117 56.4304903846154 48.4702165399937 0.942712396504966 1.46783317526117 0.656253129838323 0.568318219977258
"B4B076" 4 "S02M52" 2015 1.5 2 0 17.5 7.475 23738.8305 0 0 0 0 0 0 0 1 1 0 0 0 0 0 0 0 7.475 0 0 0 0 0 0 0 0 11 0 0.138586364 0.0356667441209614 0.00988192149840889 0.061451566743514 0.636366968661225 1.80395696613398 -1.16758999747276 -0.100364454467093 1.51231756397131 -1.6126820184384 95.5695566534615 176.544716658422 0.54133342794035 47.7847783267308 90.3431999400653 0.550137598849551 0.569055590708132 0.955608787128609 0.825959520769992
"B4B077" 4 "S04M30" 2015 1.5 4 0 10 85.88 23738.8305 1 0 1 0 0 0 1 0 1 1.72 0 82.7 0 0 0 1.46 0 0 6 0 60 0 0 0 5.5 0 0 0.506438992833333 0.00671637575543454 0.00723601877302608 0.00654316141623737 0.959621004403787 11.5613426489592 -10.6017216445554 -3.41690743040062 29.8600230262768 -33.2769304566775 219.230470169231 92.6503164542293 2.36621393816322 54.8076175418654 29.4725923248027 1.21210195750243 2.36621393825914 0.685466763051395 0.341979659128002
"B4B078" 4 "S04M27" 2015 1.5 4 0 7.5 188.61 23738.8305 0 1 1 0 1 0 0 0 1 0 0 71.3 0 116.45 0 0 0 0.86 0 0 45 0 35 0 0 0 0 0.912139058 0.0146050778692402 0.0103666915052076 0.0160178733239177 0.598137911262596 7.17798933040856 -6.57985141914597 -2.26230359301901 24.3728489662971 -26.6351525593161 253.982021746154 102.533887799433 2.47705443728974 63.4955054356923 49.2920875399306 0.90153107121423 2.47705443724281 0.348776494687878 -0.115937713404384
"B4B080" 4 "S09M01" 2015 1.5 9 0 5 264.505 23738.8305 1 1 1 1 1 1 1 1 1 0 0 248.35 4.61 0 0 11.4 0.145 0 2 0 55 11 1.5 0 5.5 15 0 0.713055136166667 0.012247949129565 0.00804123305430551 0.0127737886389725 0.725363932950081 6.14198450534007 -5.41662057238999 -16.4474897259673 29.8053910482126 -46.2528807741799 379.703645253846 108.966608305805 3.48458716993597 42.1892939156154 32.3413878330674 0.94007759263293 3.48458716994333 0.234211405536026 0.201072206328222
"B4B082" 4 "S06M02" 2015 1.5 6 0 15 67.455 23738.8305 1 1 0 1 1 1 0 1 0 0.205 0 0 26.77 36.2 0 0 4.28 0 6 0 0 20 45 0 0 11 0 0.827720859066667 0.0100888653780771 0.00772682676450348 0.0105612731007918 0.665714446825444 3.87440542392026 -3.20869097709482 -5.1801482343426 25.2085119260906 -30.3886601604332 183.308382676923 99.9793216620512 1.83346295643553 30.5513971117051 28.9048073609733 1.01500901140019 1.83346295630775 0.381268636300868 0.280667067964915
"B4B085" 4 "S03M11" 2015 1.5 3 0 8.5 252.04 23738.8305 1 0 1 0 0 0 0 1 0 0.89 0 211.8 0 0 0 0 39.35 0 6 0 45 0 0 0 0 15 0 0.462844953333333 0.00369733768375919 0.00483988235213033 0.00312606534957363 0.929234438310566 5.7533648283219 -4.82413039001133 -2.68022460320104 22.1687188153345 -24.8489434185355 317.036538461538 102.256135255719 3.10041581044211 105.678846153846 68.5639903311073 1.43601815790241 3.10041581044211 0.359415591699045 -0.010548585087443
"B4B088" 4 "S06M10" 2015 1.5 6 0 15 86.895 23738.8305 1 1 0 1 0 0 1 1 1 3.34 0 0 70 0 0 13.425 0 0.13 10 0 0 30 0 0 11 20 0 0.7395099252 0.0167104481566197 0.0100994248645193 0.0180326528150397 0.639197439459372 6.07182051436424 -5.43262307490487 -5.22722716984653 28.9703711906883 -34.1975983605348 242.444086261538 94.5284504590171 2.56477372774296 40.4073477093846 26.359285022654 1.26805009838615 2.56477372775537 0.434326060886962 0.343858638182327
"B4B090" 4 "S03M12" 2015 1.5 3 0 17.5 58.455 23738.8305 1 0 0 1 0 0 0 1 0 2.955 0 0 46.85 0 0 0 8.65 0 15 0 0 50 0 0 0 15 0 0.175839390666667 0.00425327213662504 0.00529967344208636 0.00373007148389438 0.836207259212007 2.46048237635344 -1.62427511714144 -2.42496885688102 22.7543622523081 -25.1793311091891 260.028153846154 146.787116118801 1.77146442222969 86.6760512820513 73.0249805411434 1.19735063122881 1.77146442222969 0.502887408432351 0.211507458980824
"B4B092" 4 "S03M17" 2015 1.5 3 0 17.5 139.5 23738.8305 1 1 0 0 0 0 0 0 1 0 139.5 0 0 0 0 0 0 0 10 40 0 0 0 0 0 0 0 1.03887885933333 0.0206720094571773 0.0114871921414691 0.0252644181150315 0.357874165843334 9.08935826571774 -8.73148409987441 -2.06849607702921 23.5349104874913 -25.6034065645205 158.252422040769 86.6389672075891 1.82657327460509 52.7508073468718 54.2736104251336 0.854829539523847 1.82657327458907 0.330333864971267 -0.040937281965934
"B4B093" 4 "S06M01" 2015 1.5 6 0 12.5 148.615 23738.8305 1 1 1 1 1 0 1 0 0 0.755 0 83.65 1.42 61.055 0 1.735 0 0 1.5 0 40 16 35 0 5.5 0 0 0.760120770733333 0.00855764362407538 0.00846197232951614 0.00857677788298723 0.838696292194744 5.56805021369017 -4.72935392149543 -6.53646520298858 19.859480958348 -26.3959461613366 227.674993076923 138.086831958524 1.64878134900878 37.9458321787436 36.5054286670494 0.860506574877762 1.64878134894249 0.441528134650286 0.307530070837786
"B4B095" 4 "S04M21" 2015 1.5 4 0 32.5 54.27 23738.8305 0 1 0 1 0 1 1 0 0 0 0 0 54.25 0 0 0.02 0 0 0 10 0 25 0 0 1 0 0 0.822178469333333 0.0150033331907244 0.00993354712868941 0.0166932618780694 0.440695408375721 3.62474153141176 -3.18404612303604 -3.35531504266758 20.8847290382042 -24.2400440808718 135.810349153846 125.652031133267 1.08084483735727 33.9525872876923 44.2064898478267 0.68485285363522 1.08084483733714 0.521781936412611 0.258406944680193
"B4B097" 4 "S06M12" 2015 1.5 6 0 35 30.005 23738.8305 1 0 0 0 1 1 1 1 1 5.565 0 0 0 6.65 0 11 6.79 0 2 0 0 0 35 0 10 11 0 0.677498920866667 0.0133832639670998 0.00755186067393356 0.0145495446257331 0.781742515249261 5.62470209236672 -4.84295957711746 -4.22364069298142 29.5839403690136 -33.807581061995 180.640398376923 106.272059214519 1.69979202164782 30.1067330612949 31.8183969442299 0.940326245740918 1.69979202157508 0.352538290473153 0.33606481977276
